# Tymkiw, N. J., “Measurements in a Compresssible Planar Shear Layer with a Thermal Gradient", M.S. Thesis, 2020.
# This work was funded by the NASA Aeronautics Mission Directorate's Transformative Aeronautics Concepts Program, Transformational Tools and Technologies Project; Grant Number NNX15AU94A.
VARIABLES = "(y-y0)/b", "(U-U2)/dU", "V/dU", "W/dU", "<u'^2>/dU^2", "<v'^2>/dU^2", "<w'^2>/dU^2", "<u'v'>/dU^2", "<u'^3>/dU^3", "<u'v'^2>/dU^3", "<u'w'^2>/dU^3", "<v'u'^2>/dU^3", "<v'^3>/dU^3", "<v'w'^2>/dU^3", "<u'^4>/dU^4", "<v'^4>/dU^4", "<w'^4>/dU^4"
ZONE T="Frame 0", I=1, J=247, F=POINT
2.9086170011 0.9892453333 -0.0051676202 -0.0023968141 0.0004694611 0.0001014664 0.0005170171 0.0000275990 0.0000102232 0.0000007455 0.0000108149 -0.0000002919 0.0000003800 0.0000144619 0.0000013712 0.0000000457 0.0000022708
2.8839233730 0.9978233884 0.0032929886 -0.0032547883 0.0004387907 0.0001616363 0.0003115394 0.0001146451 0.0000008020 0.0000019982 -0.0000002143 0.0000023165 0.0000019250 0.0000001700 0.0000007025 0.0000001227 0.0000005301
2.8592297449 0.9981638311 0.0034264833 -0.0033740973 0.0004398332 0.0001677712 0.0003038891 0.0001162148 0.0000025317 0.0000025415 0.0000028051 0.0000017945 0.0000018538 0.0000039776 0.0000009902 0.0000002023 0.0000022129
2.8345361168 0.9984747498 0.0035992031 -0.0033415072 0.0004459942 0.0001706047 0.0002953737 0.0001250650 0.0000013592 0.0000018030 -0.0000002155 0.0000019863 0.0000016582 -0.0000006143 0.0000010528 0.0000002324 0.0000029640
2.8098424887 0.9987687437 0.0038601503 -0.0033967112 0.0004537634 0.0001747320 0.0002851908 0.0001300448 0.0000018633 0.0000018511 0.0000000557 0.0000024002 0.0000019957 -0.0000009113 0.0000009997 0.0000001761 0.0000027244
2.7851488606 0.9990199389 0.0041979854 -0.0035643809 0.0004586138 0.0001798725 0.0002702440 0.0001379670 0.0000022010 0.0000021540 0.0000015271 0.0000023590 0.0000021002 0.0000018934 0.0000008996 0.0000001566 0.0000014603
2.7604552325 0.9992503400 0.0045515209 -0.0038010068 0.0004636421 0.0001855224 0.0002625627 0.0001464241 0.0000022394 0.0000023450 0.0000014871 0.0000026759 0.0000022557 0.0000016929 0.0000008370 0.0000001336 0.0000008887
2.7357616044 0.9994284578 0.0049029622 -0.0041096250 0.0004667263 0.0001941860 0.0002561557 0.0001529553 0.0000019620 0.0000023222 0.0000010247 0.0000025949 0.0000022601 0.0000017556 0.0000007335 0.0000001420 0.0000010391
2.7110679763 0.9996881197 0.0052603634 -0.0043405373 0.0004777419 0.0002028498 0.0002552580 0.0001571606 0.0000024164 0.0000024569 0.0000022591 0.0000025272 0.0000020831 0.0000035687 0.0000008921 0.0000001995 0.0000016804
2.6863743482 1.0000274569 0.0056135956 -0.0045543073 0.0004918136 0.0002053256 0.0002568203 0.0001613966 0.0000030269 0.0000023807 0.0000033921 0.0000022111 0.0000017158 0.0000043534 0.0000011016 0.0000002145 0.0000022565
2.6616807201 1.0004186299 0.0059840274 -0.0047204265 0.0005037614 0.0002102533 0.0002575434 0.0001684626 0.0000031042 0.0000020164 0.0000040281 0.0000020907 0.0000024594 0.0000056594 0.0000012212 0.0000002893 0.0000031564
2.6369870920 1.0007933081 0.0063224850 -0.0049318199 0.0005093069 0.0002111450 0.0002535974 0.0001773967 0.0000012986 0.0000019555 0.0000005722 0.0000023367 0.0000020954 -0.0000033455 0.0000008899 0.0000002113 0.0000022560
2.6122934639 1.0011569137 0.0067041648 -0.0050583976 0.0005172725 0.0002172702 0.0002502656 0.0001816333 0.0000021008 0.0000018333 0.0000030513 0.0000021352 0.0000026586 0.0000004013 0.0000010006 0.0000003791 0.0000025266
2.5875998358 1.0014480913 0.0071005136 -0.0051691030 0.0005257005 0.0002138186 0.0002449226 0.0001808765 0.0000015778 0.0000013994 0.0000015884 0.0000018113 0.0000020355 0.0000017111 0.0000008924 0.0000002647 0.0000010271
2.5629062077 1.0018229274 0.0075180017 -0.0052022258 0.0005392818 0.0002105306 0.0002531888 0.0001811788 0.0000015422 0.0000013082 0.0000022693 0.0000015461 0.0000018481 0.0000024179 0.0000009696 0.0000002583 0.0000013020
2.5382125796 1.0022433174 0.0079388425 -0.0052502579 0.0005517127 0.0002074174 0.0002626316 0.0001804687 0.0000012267 0.0000009690 0.0000030377 0.0000009711 0.0000015697 0.0000015636 0.0000010547 0.0000002251 0.0000020917
2.5135189515 1.0026689014 0.0083343678 -0.0053010097 0.0005628262 0.0002016644 0.0002669980 0.0001805362 0.0000015985 0.0000006655 0.0000040416 0.0000006684 0.0000010732 0.0000044491 0.0000012564 0.0000001642 0.0000025303
2.4888253234 1.0030605921 0.0086666327 -0.0054016004 0.0005646546 0.0001937443 0.0002540458 0.0001777003 -0.0000001395 0.0000002746 0.0000008312 0.0000003026 0.0000006412 0.0000001465 0.0000008936 0.0000001176 0.0000007521
2.4641316953 1.0034752703 0.0089595999 -0.0054015645 0.0005710901 0.0001874732 0.0002457672 0.0001753547 -0.0000009595 -0.0000000095 -0.0000000524 0.0000000365 0.0000003956 -0.0000010937 0.0000008066 0.0000001091 0.0000002167
2.4394380672 1.0038711110 0.0092602512 -0.0054352473 0.0005754537 0.0001841706 0.0002439385 0.0001718902 -0.0000013944 -0.0000002390 -0.0000001389 -0.0000002929 0.0000002596 -0.0000011516 0.0000008125 0.0000001259 0.0000002087
2.4147444391 1.0042714439 0.0095846036 -0.0054934575 0.0005751010 0.0001787436 0.0002476994 0.0001671998 -0.0000017256 -0.0000005105 -0.0000002659 -0.0000006438 0.0000001567 -0.0000014698 0.0000008124 0.0000001066 0.0000002594
2.3900508110 1.0046292149 0.0099156919 -0.0056311505 0.0005735937 0.0001790011 0.0002545858 0.0001628326 -0.0000018063 -0.0000006095 0.0000000387 -0.0000007788 0.0000003240 -0.0000022739 0.0000008379 0.0000002200 0.0000006002
2.3653571829 1.0049784139 0.0102389481 -0.0058205873 0.0005683123 0.0001749011 0.0002593103 0.0001568139 -0.0000020954 -0.0000010695 0.0000001563 -0.0000011871 0.0000000178 -0.0000026105 0.0000008478 0.0000001285 0.0000010840
2.3406635549 1.0053357550 0.0105555984 -0.0060253986 0.0005571497 0.0001749612 0.0002530501 0.0001501113 -0.0000024682 -0.0000013260 -0.0000004637 -0.0000018108 -0.0000003084 -0.0000010223 0.0000007671 0.0000001261 0.0000003490
2.3159699268 1.0056734076 0.0108706201 -0.0063384690 0.0005471334 0.0001788059 0.0002516754 0.0001449587 -0.0000027499 -0.0000016378 -0.0000005950 -0.0000020351 -0.0000007685 -0.0000008632 0.0000007501 0.0000001803 0.0000002623
2.2912762987 1.0059420451 0.0111688991 -0.0067147472 0.0005372165 0.0001792048 0.0002529576 0.0001407821 -0.0000031289 -0.0000017968 -0.0000006598 -0.0000022832 -0.0000006474 -0.0000013122 0.0000007321 0.0000001346 0.0000002371
2.2665826706 1.0061574167 0.0114251430 -0.0070725640 0.0005270858 0.0001812991 0.0002557336 0.0001375103 -0.0000032730 -0.0000019352 -0.0000005081 -0.0000025191 -0.0000006640 -0.0000014381 0.0000007225 0.0000001338 0.0000002550
2.2418890425 1.0063420359 0.0116045493 -0.0074884428 0.0005188984 0.0001839645 0.0002577428 0.0001344462 -0.0000033894 -0.0000020823 -0.0000005608 -0.0000027574 -0.0000007828 -0.0000016347 0.0000007255 0.0000001424 0.0000002887
2.2171954144 1.0065100725 0.0117161098 -0.0078556169 0.0005079172 0.0001850374 0.0002559976 0.0001307607 -0.0000033876 -0.0000022426 -0.0000006999 -0.0000029144 -0.0000010402 -0.0000016596 0.0000007075 0.0000001530 0.0000002776
2.1925017863 1.0066699320 0.0118142903 -0.0082193013 0.0004918991 0.0001860576 0.0002556747 0.0001255309 -0.0000031184 -0.0000024168 -0.0000007806 -0.0000029604 -0.0000013260 -0.0000013796 0.0000006699 0.0000001640 0.0000002512
2.1678081582 1.0068768894 0.0119097307 -0.0086667192 0.0004716970 0.0001882972 0.0002513906 0.0001193131 -0.0000028265 -0.0000025808 -0.0000007983 -0.0000029332 -0.0000016353 -0.0000011019 0.0000006234 0.0000001799 0.0000002177
2.1431145301 1.0071402187 0.0119510603 -0.0091125490 0.0004489978 0.0001926731 0.0002468547 0.0001133062 -0.0000025529 -0.0000027432 -0.0000009755 -0.0000028613 -0.0000020745 -0.0000011543 0.0000005705 0.0000002052 0.0000002085
2.1184209020 1.0074320806 0.0119199747 -0.0093930588 0.0004269154 0.0001971838 0.0002447215 0.0001092066 -0.0000023042 -0.0000028968 -0.0000011165 -0.0000028189 -0.0000024270 -0.0000011700 0.0000005264 0.0000002265 0.0000002117
2.0937272739 1.0076485138 0.0118378711 -0.0096018731 0.0004095128 0.0001996166 0.0002451996 0.0001067124 -0.0000020769 -0.0000029682 -0.0000010338 -0.0000028243 -0.0000026907 -0.0000009610 0.0000005030 0.0000002421 0.0000002086
2.0690336458 1.0078026264 0.0117144493 -0.0099199519 0.0003933041 0.0002014466 0.0002467819 0.0001031728 -0.0000018139 -0.0000030958 -0.0000009230 -0.0000028095 -0.0000031730 -0.0000008499 0.0000004807 0.0000002596 0.0000002126
2.0443400177 1.0079820164 0.0115557583 -0.0102611932 0.0003749481 0.0002050406 0.0002471416 0.0000998574 -0.0000015579 -0.0000032277 -0.0000010386 -0.0000027455 -0.0000037447 -0.0000010625 0.0000004495 0.0000002898 0.0000002288
2.0196463896 1.0081396823 0.0113884174 -0.0105380506 0.0003553191 0.0002107373 0.0002453350 0.0000956072 -0.0000012749 -0.0000033298 -0.0000010612 -0.0000026114 -0.0000043481 -0.0000012047 0.0000004082 0.0000003309 0.0000002471
1.9949527615 1.0082880217 0.0111874993 -0.0106873457 0.0003378615 0.0002158963 0.0002440951 0.0000899867 -0.0000009877 -0.0000033670 -0.0000009116 -0.0000024330 -0.0000049244 -0.0000009882 0.0000003694 0.0000003782 0.0000002223
1.9702591334 1.0084133034 0.0109891769 -0.0108347969 0.0003257807 0.0002170411 0.0002558547 0.0000842603 -0.0000021042 -0.0000033467 -0.0000049699 -0.0000021787 -0.0000054186 -0.0000078381 0.0000008456 0.0000004110 0.0000042699
1.9455655053 1.0086213400 0.0107757049 -0.0109951466 0.0003094415 0.0002196827 0.0002539231 0.0000794330 -0.0000017078 -0.0000033346 -0.0000050574 -0.0000018148 -0.0000058927 -0.0000083430 0.0000007761 0.0000004441 0.0000047046
1.9208718772 1.0089072182 0.0105245301 -0.0111787659 0.0002910251 0.0002262258 0.0002385852 0.0000768221 -0.0000001646 -0.0000032700 -0.0000008388 -0.0000017376 -0.0000063683 -0.0000009659 0.0000002795 0.0000005093 0.0000002149
1.8961782491 1.0091112627 0.0101937620 -0.0115299671 0.0002787269 0.0002315392 0.0002402458 0.0000736290 -0.0000000571 -0.0000032990 -0.0000009230 -0.0000015149 -0.0000069862 -0.0000012182 0.0000002597 0.0000005509 0.0000002462
1.8714846210 1.0092393345 0.0097953559 -0.0119648343 0.0002683569 0.0002422055 0.0002435955 0.0000717295 0.0000001244 -0.0000028900 -0.0000007608 -0.0000012428 -0.0000057451 -0.0000012493 0.0000002484 0.0000011745 0.0000002474
1.8467909929 1.0093602468 0.0093231427 -0.0123222006 0.0002624722 0.0002477398 0.0002604569 0.0000652777 -0.0000001677 -0.0000038869 -0.0000028068 -0.0000006845 -0.0000066844 0.0000034840 0.0000003640 0.0000009707 0.0000028995
1.8220973648 1.0094827472 0.0088604055 -0.0125666192 0.0002558811 0.0002477004 0.0002728181 0.0000633474 -0.0000007148 -0.0000032960 -0.0000055205 -0.0000007071 -0.0000081877 0.0000088279 0.0000004692 0.0000007144 0.0000058526
1.7974037367 1.0096156973 0.0084058823 -0.0127805432 0.0002468877 0.0002491661 0.0002689733 0.0000608999 -0.0000006374 -0.0000030378 -0.0000051593 -0.0000008559 -0.0000085618 0.0000080463 0.0000004233 0.0000007236 0.0000058854
1.7727101086 1.0097228785 0.0079038969 -0.0130918394 0.0002387553 0.0002519978 0.0002590620 0.0000565801 -0.0000007527 -0.0000028020 -0.0000041943 -0.0000007359 -0.0000088862 0.0000040524 0.0000004339 0.0000007351 0.0000039343
1.7480164805 1.0098638917 0.0073238102 -0.0134628322 0.0002276045 0.0002554088 0.0002413041 0.0000539027 0.0000000323 -0.0000025110 -0.0000008780 -0.0000007742 -0.0000090624 -0.0000017923 0.0000001694 0.0000007464 0.0000002313
1.7233228524 1.0100604960 0.0066388860 -0.0137174649 0.0002222724 0.0002616853 0.0002439699 0.0000507010 -0.0000000093 -0.0000024036 -0.0000010587 -0.0000006370 -0.0000086029 -0.0000020435 0.0000001664 0.0000008541 0.0000003569
1.6986292243 1.0102942751 0.0057668018 -0.0138139735 0.0002181131 0.0002670015 0.0002472442 0.0000490044 -0.0000001086 -0.0000021468 -0.0000011486 -0.0000005845 -0.0000093029 -0.0000021626 0.0000001660 0.0000008107 0.0000003661
1.6739355962 1.0105419607 0.0048136638 -0.0137588798 0.0002187065 0.0002764345 0.0002636623 0.0000461216 -0.0000010290 -0.0000019833 -0.0000035872 -0.0000004151 -0.0000094133 -0.0000059008 0.0000004944 0.0000008475 0.0000028153
1.6492419681 1.0107552002 0.0038291432 -0.0137566443 0.0002110197 0.0002864352 0.0002628585 0.0000425760 -0.0000002553 -0.0000018706 -0.0000010728 -0.0000003308 -0.0000093982 -0.0000013948 0.0000001605 0.0000008805 0.0000003820
1.6245483400 1.0108998721 0.0028478305 -0.0139102882 0.0002121129 0.0002931854 0.0002879291 0.0000404345 -0.0000021443 -0.0000014993 -0.0000058461 -0.0000003490 -0.0000096288 -0.0000086449 0.0000007888 0.0000008598 0.0000050435
1.5998547119 1.0110699092 0.0018495647 -0.0139810196 0.0002118698 0.0003028005 0.0003083542 0.0000360783 -0.0000026244 -0.0000012737 -0.0000073721 -0.0000001336 -0.0000093589 -0.0000067265 0.0000009539 0.0000008568 0.0000067699
1.5751610838 1.0112930105 0.0007556450 -0.0140883182 0.0002049868 0.0003133021 0.0002976647 0.0000325607 -0.0000006569 -0.0000010415 -0.0000013948 -0.0000002505 -0.0000094419 -0.0000010454 0.0000001958 0.0000008358 0.0000005255
1.5504674557 1.0115432405 -0.0004368096 -0.0142326658 0.0002047021 0.0003245680 0.0003053172 0.0000292979 -0.0000004746 -0.0000008216 -0.0000009912 -0.0000002267 -0.0000093217 -0.0000022761 0.0000001404 0.0000008205 0.0000003961
1.5257738277 1.0118037885 -0.0017198547 -0.0143130533 0.0002068593 0.0003395492 0.0003178292 0.0000263019 -0.0000006185 -0.0000007287 -0.0000011132 -0.0000001693 -0.0000091015 -0.0000024461 0.0000001518 0.0000008149 0.0000005155
1.5010801996 1.0121075214 -0.0030980235 -0.0142227246 0.0002085952 0.0003556671 0.0003319758 0.0000252185 -0.0000003061 -0.0000006638 -0.0000004585 -0.0000002958 -0.0000087898 -0.0000011481 0.0000001832 0.0000008049 0.0000005697
1.4763865715 1.0123814672 -0.0045095780 -0.0141744431 0.0002230732 0.0003717486 0.0003740322 0.0000198825 -0.0000032921 -0.0000006952 -0.0000088224 0.0000004939 -0.0000083921 -0.0000149298 0.0000016975 0.0000008222 0.0000115682
1.4516929434 1.0126529123 -0.0059716578 -0.0141506254 0.0002340292 0.0003845546 0.0004144715 0.0000143789 -0.0000079876 -0.0000007956 -0.0000200973 0.0000015471 -0.0000081959 -0.0000328569 0.0000028511 0.0000008383 0.0000196630
1.4269993153 1.0129000013 -0.0075268951 -0.0140765614 0.0002420881 0.0003982802 0.0004484955 0.0000096353 -0.0000093508 -0.0000005295 -0.0000225186 0.0000014533 -0.0000081030 -0.0000356700 0.0000034542 0.0000009024 0.0000234123
1.4023056872 1.0130036555 -0.0091861375 -0.0141186349 0.0002451152 0.0004080080 0.0004641288 0.0000044394 -0.0000093295 -0.0000006791 -0.0000218580 0.0000020322 -0.0000080630 -0.0000338693 0.0000034040 0.0000008875 0.0000225159
1.3776120591 1.0131190491 -0.0109503973 -0.0141866918 0.0002441083 0.0004161070 0.0004569089 0.0000032997 -0.0000058176 -0.0000002742 -0.0000120066 0.0000010417 -0.0000078748 -0.0000183410 0.0000023690 0.0000009034 0.0000145068
1.3529184310 1.0132474016 -0.0127510367 -0.0142387443 0.0002334431 0.0004221905 0.0004233821 0.0000032984 -0.0000020892 0.0000000546 -0.0000033833 0.0000003603 -0.0000072505 -0.0000053726 0.0000009039 0.0000009032 0.0000055391
1.3282248029 1.0134449009 -0.0146363538 -0.0141585438 0.0002235267 0.0004220756 0.0003969940 0.0000000519 -0.0000008859 0.0000000565 -0.0000007533 -0.0000000737 -0.0000066821 -0.0000012471 0.0000001855 0.0000008745 0.0000007934
1.3035311748 1.0137522486 -0.0165721039 -0.0139457928 0.0002195014 0.0004197936 0.0003884211 -0.0000045132 -0.0000008020 0.0000000324 -0.0000004235 -0.0000000094 -0.0000062113 -0.0000008718 0.0000001735 0.0000008039 0.0000006787
1.2788375467 1.0140370826 -0.0185540861 -0.0137740791 0.0002140781 0.0004160373 0.0003762572 -0.0000075225 -0.0000007264 0.0000000126 -0.0000004140 0.0000000271 -0.0000056800 -0.0000011091 0.0000001630 0.0000007588 0.0000006135
1.2541439186 1.0142711161 -0.0205258650 -0.0136882345 0.0002117952 0.0004155196 0.0003659003 -0.0000105411 -0.0000008925 0.0000000221 -0.0000007866 0.0000000398 -0.0000052885 -0.0000020037 0.0000001823 0.0000007311 0.0000005338
1.2294502905 1.0144910501 -0.0225356315 -0.0135788168 0.0002123486 0.0004173183 0.0003595937 -0.0000146094 -0.0000009147 0.0000000550 -0.0000008900 0.0000000186 -0.0000050511 -0.0000021010 0.0000001967 0.0000007376 0.0000005597
1.2047566624 1.0146694486 -0.0245486898 -0.0134066904 0.0002143572 0.0004223595 0.0003550448 -0.0000161953 -0.0000009333 -0.0000002737 -0.0000012514 -0.0000000877 -0.0000054903 -0.0000008417 0.0000001977 0.0000010208 0.0000009353
1.1800630343 1.0147992050 -0.0264958283 -0.0132586639 0.0002182910 0.0004184764 0.0003706239 -0.0000233307 -0.0000017023 -0.0000001436 -0.0000056948 0.0000007051 -0.0000037576 0.0000094258 0.0000004486 0.0000008589 0.0000064896
1.1553694062 1.0148584021 -0.0283714013 -0.0133317464 0.0002219432 0.0004185372 0.0003766940 -0.0000258129 -0.0000027637 -0.0000002348 -0.0000089113 0.0000010080 -0.0000031700 0.0000055640 0.0000007643 0.0000009303 0.0000086427
1.1306757781 1.0149345328 -0.0301578573 -0.0133924660 0.0002368377 0.0004216779 0.0003795443 -0.0000312762 -0.0000098388 0.0000001094 -0.0000047785 0.0000017760 -0.0000040440 0.0000018535 0.0000060449 0.0000012390 0.0000069158
1.1059821500 1.0150627800 -0.0319147821 -0.0133633402 0.0002434545 0.0004122973 0.0003624122 -0.0000255690 -0.0000082998 0.0000005103 -0.0000018734 -0.0000009474 -0.0000034764 -0.0000044032 0.0000042485 0.0000007696 0.0000013662
1.0812885219 1.0152009330 -0.0336394511 -0.0132713993 0.0002458157 0.0004155949 0.0003579738 -0.0000304292 -0.0000066381 0.0000004980 -0.0000036654 0.0000014798 -0.0000032194 -0.0000059652 0.0000033041 0.0000007992 0.0000014301
1.0565948938 1.0153427885 -0.0353428152 -0.0132596862 0.0002449362 0.0004218495 0.0003605835 -0.0000297057 -0.0000010536 0.0000009852 -0.0000017426 -0.0000000126 -0.0000032186 -0.0000063573 0.0000005511 0.0000008301 0.0000014106
1.0319012657 1.0154469779 -0.0369459011 -0.0133664319 0.0002521048 0.0004310030 0.0003775953 -0.0000297094 -0.0000005522 0.0000009723 -0.0000027744 0.0000001957 -0.0000033183 -0.0000124577 0.0000004283 0.0000008719 0.0000046969
1.0072076376 1.0155416652 -0.0385453506 -0.0134750059 0.0002556617 0.0004407955 0.0003734507 -0.0000292710 -0.0000006334 0.0000009338 -0.0000011184 0.0000003298 -0.0000032961 -0.0000048377 0.0000002481 0.0000009399 0.0000006363
0.9825140095 1.0156336502 -0.0400278784 -0.0136336584 0.0002693654 0.0004548728 0.0004007465 -0.0000312432 -0.0000018122 0.0000002634 -0.0000039641 0.0000012427 -0.0000026377 -0.0000003551 0.0000007164 0.0000011585 0.0000031390
0.9578203814 1.0157497544 -0.0414613947 -0.0138739931 0.0002815416 0.0004686925 0.0004213107 -0.0000273700 -0.0000004035 0.0000015927 -0.0000006646 0.0000003111 -0.0000023960 -0.0000052749 0.0000002998 0.0000012488 0.0000008703
0.9331267533 1.0158342816 -0.0427722626 -0.0141582428 0.0003060388 0.0004868411 0.0004669362 -0.0000316799 -0.0000006503 0.0000014005 -0.0000010410 0.0000003045 -0.0000028188 -0.0000023186 0.0000004668 0.0000012005 0.0000023215
0.9084331252 1.0158619631 -0.0439724082 -0.0144166042 0.0003346723 0.0005145146 0.0005039886 -0.0000350888 -0.0000005848 0.0000013116 0.0000003969 0.0000005600 -0.0000029069 -0.0000056363 0.0000005383 0.0000012092 0.0000019386
0.8837394971 1.0158849769 -0.0452580334 -0.0145526820 0.0003666482 0.0005563891 0.0005463493 -0.0000357118 -0.0000010717 0.0000014833 0.0000008627 0.0000006749 -0.0000027472 -0.0000127086 0.0000006201 0.0000014219 0.0000031509
0.8590458690 1.0160445205 -0.0466315742 -0.0145664113 0.0004018628 0.0006130388 0.0006036863 -0.0000325329 -0.0000010246 0.0000017837 0.0000018666 0.0000007231 -0.0000031250 -0.0000164715 0.0000007784 0.0000018047 0.0000049541
0.8343522409 1.0161625989 -0.0480476786 -0.0143972445 0.0004368658 0.0006787952 0.0006621943 -0.0000284263 -0.0000020581 0.0000022442 -0.0000005670 0.0000011226 -0.0000018900 -0.0000113145 0.0000009338 0.0000023396 0.0000029982
0.8096586128 1.0161626515 -0.0495917122 -0.0142616150 0.0004748743 0.0007692138 0.0007332755 -0.0000244657 -0.0000037566 0.0000007669 -0.0000017336 0.0000006945 -0.0000037267 -0.0000144639 0.0000012261 0.0000035752 0.0000041559
0.7849649847 1.0161928950 -0.0511544889 -0.0142954854 0.0005201718 0.0008599227 0.0007992315 -0.0000219412 -0.0000051283 -0.0000007647 -0.0000005554 0.0000010455 -0.0000055224 -0.0000163298 0.0000016401 0.0000051766 0.0000069135
0.7602713566 1.0161413223 -0.0528365323 -0.0143782998 0.0005673377 0.0009571937 0.0008417509 -0.0000238836 -0.0000063207 -0.0000025068 0.0000026031 0.0000027587 -0.0000019137 -0.0000137474 0.0000027107 0.0000058744 0.0000100303
0.7355777285 1.0159871571 -0.0543089439 -0.0145159807 0.0006240519 0.0010555802 0.0009318938 -0.0000479167 -0.0000150978 -0.0000059355 -0.0000122383 0.0000077520 0.0000018163 -0.0000394172 0.0000051719 0.0000079024 0.0000166148
0.7108841004 1.0157187915 -0.0556717510 -0.0146271655 0.0006926211 0.0011678948 0.0010269638 -0.0000713504 -0.0000166874 -0.0000074914 -0.0000091378 0.0000097944 0.0000101184 -0.0000445005 0.0000052440 0.0000086806 0.0000222389
0.6861904724 1.0152554536 -0.0570996836 -0.0148880633 0.0007859897 0.0012735780 0.0011160963 -0.0000997149 -0.0000269858 -0.0000103557 -0.0000177942 0.0000158275 0.0000067910 -0.0000342564 0.0000082884 0.0000102677 0.0000315753
0.6614968443 1.0145265315 -0.0584214330 -0.0152044407 0.0009307265 0.0013907680 0.0012306284 -0.0001429993 -0.0000480675 -0.0000154058 -0.0000333059 0.0000260320 0.0000174173 -0.0000558755 0.0000150064 0.0000118566 0.0000366218
0.6368032162 1.0133798867 -0.0597839598 -0.0154268868 0.0010874311 0.0014960554 0.0013591046 -0.0001748543 -0.0000678743 -0.0000190965 -0.0000478707 0.0000324573 0.0000183092 -0.0000676898 0.0000206657 0.0000121569 0.0000393843
0.6121095881 1.0119612615 -0.0608672104 -0.0155962676 0.0012671018 0.0016084950 0.0014989138 -0.0002097941 -0.0000904429 -0.0000258597 -0.0000496463 0.0000396050 0.0000249892 -0.0000460260 0.0000253276 0.0000143578 0.0000337228
0.5874159600 1.0102395965 -0.0620719852 -0.0156211310 0.0014988451 0.0017115522 0.0016304228 -0.0002510826 -0.0001243021 -0.0000321530 -0.0000546080 0.0000493252 0.0000325743 -0.0000471909 0.0000333765 0.0000170326 0.0000348701
0.5627223319 1.0080471358 -0.0634412658 -0.0159321970 0.0017808440 0.0018639189 0.0017755673 -0.0002973543 -0.0001670391 -0.0000432355 -0.0000670100 0.0000598060 0.0000361359 -0.0000648788 0.0000434509 0.0000204201 0.0000366702
0.5380287038 1.0052866741 -0.0645752187 -0.0161652319 0.0021261825 0.0020056526 0.0019459872 -0.0003862626 -0.0002191262 -0.0000533456 -0.0000734500 0.0000801306 0.0000471408 -0.0000587564 0.0000578571 0.0000265207 0.0000429630
0.5133350757 1.0017515347 -0.0656586332 -0.0162968655 0.0025810506 0.0021278280 0.0021705164 -0.0004792145 -0.0002932120 -0.0000638124 -0.0000915224 0.0001032262 0.0000489960 -0.0000588259 0.0000789248 0.0000268589 0.0000517505
0.4886414476 0.9975685434 -0.0664705816 -0.0164036678 0.0031190818 0.0023172061 0.0024114304 -0.0005881029 -0.0003765204 -0.0000816971 -0.0001145725 0.0001237086 0.0000496987 -0.0000389937 0.0001046337 0.0000276050 0.0000604129
0.4639478195 0.9922486374 -0.0672202605 -0.0164646939 0.0038244753 0.0024840210 0.0028148093 -0.0007199124 -0.0004906455 -0.0001027307 -0.0001638988 0.0001554616 0.0000704116 -0.0000542887 0.0001411620 0.0000334767 0.0000854742
0.4392541914 0.9857874738 -0.0677899176 -0.0166875939 0.0046685353 0.0026272188 0.0032823853 -0.0008619985 -0.0006349845 -0.0001224252 -0.0002181080 0.0001916213 0.0000814335 -0.0000653973 0.0001907970 0.0000349883 0.0001058485
0.4145605633 0.9781639251 -0.0681409136 -0.0168518771 0.0056864773 0.0028361416 0.0036970172 -0.0010625769 -0.0008145870 -0.0001420386 -0.0002501754 0.0002460738 0.0000904337 -0.0000718295 0.0002562009 0.0000392706 0.0001098487
0.3898669352 0.9695192853 -0.0685659591 -0.0171328260 0.0067998032 0.0030259636 0.0041816085 -0.0012906930 -0.0009885885 -0.0001614731 -0.0002773827 0.0002947434 0.0000993441 -0.0000745899 0.0003232161 0.0000437224 0.0001268525
0.3651733071 0.9598641970 -0.0693555250 -0.0177923598 0.0078881635 0.0032473433 0.0047443010 -0.0014850414 -0.0011194462 -0.0001816145 -0.0003425650 0.0003280497 0.0001107537 -0.0001103991 0.0003796232 0.0000498391 0.0001498913
0.3404796790 0.9490220076 -0.0697702410 -0.0184912474 0.0090970093 0.0034639923 0.0053262571 -0.0017376027 -0.0012512936 -0.0002032496 -0.0003914901 0.0003692969 0.0001227759 -0.0000869333 0.0004461184 0.0000570185 0.0001794220
0.3157860509 0.9367945688 -0.0698276230 -0.0191317043 0.0104592285 0.0037181912 0.0058686434 -0.0019864864 -0.0014186391 -0.0002245271 -0.0004285752 0.0004169066 0.0001335354 -0.0000928342 0.0005386799 0.0000633138 0.0002056107
0.2910924228 0.9231581472 -0.0693777020 -0.0198889661 0.0119420875 0.0039969575 0.0063404638 -0.0023228527 -0.0015725292 -0.0002521420 -0.0004600629 0.0004708393 0.0001513024 -0.0000785296 0.0006363276 0.0000705608 0.0002222390
0.2663987947 0.9085786340 -0.0690591182 -0.0205299640 0.0133818820 0.0042751465 0.0068586879 -0.0026676613 -0.0016867137 -0.0002832758 -0.0004750868 0.0005197473 0.0001569291 -0.0000823049 0.0007345299 0.0000781662 0.0002387759
0.2417051666 0.8929235090 -0.0688196406 -0.0212184813 0.0149413016 0.0045086492 0.0076130457 -0.0030346290 -0.0018348658 -0.0003019345 -0.0005197063 0.0005702467 0.0001611894 -0.0001293626 0.0008767406 0.0000799494 0.0002846217
0.2170115385 0.8763443227 -0.0683109008 -0.0217859085 0.0165534096 0.0047832248 0.0084042518 -0.0034415964 -0.0019510096 -0.0003210138 -0.0005470685 0.0006325073 0.0001782553 -0.0001259053 0.0010238454 0.0000870504 0.0003228424
0.1923179104 0.8589417464 -0.0680206938 -0.0216667328 0.0180863717 0.0050766242 0.0091120798 -0.0037686875 -0.0020474522 -0.0003369235 -0.0005800600 0.0006671296 0.0001919076 -0.0000889031 0.0011708117 0.0000970548 0.0003675443
0.1676242823 0.8409177801 -0.0676169918 -0.0213384570 0.0193483362 0.0053225662 0.0097621185 -0.0040173449 -0.0020289511 -0.0003521592 -0.0006056090 0.0006638142 0.0001959388 0.0000136926 0.0012637550 0.0001057474 0.0004229361
0.1429306542 0.8218991847 -0.0671130617 -0.0214572179 0.0204614687 0.0055659565 0.0104583007 -0.0042713155 -0.0019643090 -0.0003537226 -0.0006310444 0.0006337417 0.0001994569 0.0000145335 0.0013382605 0.0001147459 0.0004806964
0.1182370261 0.8021736455 -0.0663279612 -0.0216709994 0.0215018124 0.0058084133 0.0109506192 -0.0045345696 -0.0018515793 -0.0003352028 -0.0006179979 0.0006021209 0.0001883379 0.0000569049 0.0014086195 0.0001194714 0.0005040875
0.0935433980 0.7816192502 -0.0649722965 -0.0214344239 0.0225272067 0.0060809914 0.0114902269 -0.0048429320 -0.0017272840 -0.0003303046 -0.0005679247 0.0005803820 0.0001860800 0.0000251336 0.0015088691 0.0001289314 0.0005248163
0.0688497699 0.7606856142 -0.0638742089 -0.0214572777 0.0234131402 0.0063879903 0.0120591714 -0.0051061317 -0.0015741788 -0.0003239282 -0.0005509776 0.0005551110 0.0001890309 0.0000018721 0.0016006410 0.0001406179 0.0005640186
0.0441561418 0.7393428276 -0.0626457704 -0.0214212208 0.0241695127 0.0067490603 0.0125092746 -0.0054194647 -0.0014689340 -0.0003183634 -0.0004871027 0.0005326323 0.0002076002 0.0000028072 0.0017126426 0.0001574332 0.0005990318
0.0194625137 0.7172583793 -0.0612893386 -0.0222239059 0.0248731923 0.0069885804 0.0130286275 -0.0056794693 -0.0013468521 -0.0002892792 -0.0004362713 0.0005001504 0.0001954373 -0.0000215469 0.0018164304 0.0001623576 0.0006388064
-0.0052311144 0.6949959622 -0.0599665194 -0.0224015784 0.0255337365 0.0071741431 0.0135274875 -0.0059034369 -0.0011245873 -0.0002706056 -0.0003979820 0.0004579492 0.0001914716 -0.0000044149 0.0018931806 0.0001673744 0.0006703774
-0.0299247425 0.6728459118 -0.0586622371 -0.0219215683 0.0261215398 0.0073322331 0.0141529061 -0.0061004504 -0.0008769578 -0.0002474703 -0.0003423853 0.0004075130 0.0001771641 -0.0000187230 0.0019437800 0.0001744436 0.0007275447
-0.0546183706 0.6509289912 -0.0572762385 -0.0211819961 0.0265759207 0.0075088900 0.0145735074 -0.0062604656 -0.0007009550 -0.0002353145 -0.0002954830 0.0003455909 0.0001738305 -0.0000962859 0.0019804741 0.0001849124 0.0007520202
-0.0793119987 0.6287879867 -0.0557964882 -0.0202446550 0.0270346580 0.0076136766 0.0148154893 -0.0063829747 -0.0005849814 -0.0002036622 -0.0002901221 0.0003036067 0.0001410871 -0.0000727597 0.0020336698 0.0001835617 0.0007774195
-0.1040056268 0.6067866003 -0.0540361865 -0.0193409363 0.0273198998 0.0076864753 0.0149398959 -0.0064657831 -0.0005091923 -0.0001697538 -0.0002489362 0.0002720382 0.0001159007 -0.0000921279 0.0020796736 0.0001816466 0.0007912800
-0.1286992549 0.5840123611 -0.0524262065 -0.0187336591 0.0278766659 0.0077681652 0.0150085448 -0.0066151189 -0.0004301632 -0.0001391322 -0.0002087924 0.0002497814 0.0001126559 -0.0000808910 0.0021432580 0.0001831411 0.0007931458
-0.1533928830 0.5608404914 -0.0508733058 -0.0181055080 0.0281615330 0.0078204864 0.0151244539 -0.0067513004 -0.0003592932 -0.0001187483 -0.0001827379 0.0002140325 0.0000964753 -0.0000060518 0.0021712968 0.0001856741 0.0008084333
-0.1780865110 0.5378697269 -0.0491305304 -0.0174862994 0.0281001525 0.0078471472 0.0151185337 -0.0068303597 -0.0002172779 -0.0001012815 -0.0001057315 0.0001604607 0.0000822474 -0.0000182234 0.0021729020 0.0001874840 0.0008060412
-0.2027801391 0.5151656960 -0.0481234451 -0.0174724020 0.0280232565 0.0078503987 0.0149500633 -0.0068124495 -0.0000288125 -0.0000763519 -0.0000607271 0.0000993694 0.0000552626 -0.0001012635 0.0021854203 0.0001844795 0.0007946164
-0.2274737672 0.4925829723 -0.0470555329 -0.0178295283 0.0280433884 0.0078718448 0.0148352584 -0.0067434257 0.0001828033 -0.0000350626 -0.0000159037 0.0000242966 0.0000347750 -0.0000635136 0.0022017603 0.0001832559 0.0007815452
-0.2521673953 0.4706013358 -0.0461179858 -0.0175032621 0.0279829537 0.0078918278 0.0146760077 -0.0067304736 0.0004370459 -0.0000047496 0.0000554964 -0.0000442921 0.0000251069 -0.0000448480 0.0022033460 0.0001840853 0.0007321295
-0.2768610234 0.4486730443 -0.0449853264 -0.0163701631 0.0278692565 0.0079545471 0.0145302990 -0.0067568208 0.0006290070 0.0000270260 0.0001318665 -0.0001117816 0.0000096491 0.0000381951 0.0021993099 0.0001876465 0.0007140021
-0.3015546515 0.4269698984 -0.0434448693 -0.0149558305 0.0274910388 0.0079160072 0.0143753394 -0.0067016997 0.0007687046 0.0000728230 0.0001806077 -0.0001833553 -0.0000233185 0.0000307057 0.0021469895 0.0001874730 0.0007117146
-0.3262482796 0.4053464629 -0.0415277502 -0.0140484812 0.0270213994 0.0078667458 0.0142200752 -0.0066431212 0.0008898316 0.0001132502 0.0002126987 -0.0002495442 -0.0000499879 0.0000108790 0.0020796558 0.0001879556 0.0007205251
-0.3509419077 0.3837858305 -0.0392743363 -0.0140443241 0.0265118759 0.0077783116 0.0140190774 -0.0064604555 0.0010109236 0.0001551064 0.0002369882 -0.0003069156 -0.0000734519 -0.0000387822 0.0019932291 0.0001849370 0.0007147813
-0.3756355358 0.3631979454 -0.0374921680 -0.0135813927 0.0261275717 0.0075864944 0.0137264422 -0.0062670153 0.0010783439 0.0001812729 0.0002979899 -0.0003217067 -0.0000774660 -0.0000022530 0.0019460041 0.0001750911 0.0006821793
-0.4003291639 0.3431464843 -0.0359881549 -0.0124388484 0.0255913503 0.0073198274 0.0133076597 -0.0060339278 0.0011449724 0.0001936307 0.0003709168 -0.0003215953 -0.0000797524 0.0000001120 0.0018984681 0.0001651452 0.0006447105
-0.4250227920 0.3226160196 -0.0346347235 -0.0103625184 0.0247604565 0.0070437062 0.0128081070 -0.0057776561 0.0011428763 0.0002157622 0.0003845037 -0.0003283675 -0.0001071262 0.0000058142 0.0017941656 0.0001572718 0.0006014111
-0.4497164201 0.3020216945 -0.0330920285 -0.0082267862 0.0238615058 0.0068244906 0.0124547850 -0.0055174144 0.0011728241 0.0002385067 0.0004146574 -0.0003413678 -0.0001318351 0.0000713919 0.0016846703 0.0001518268 0.0005742018
-0.4744100482 0.2817351076 -0.0317935018 -0.0071222579 0.0231129899 0.0065636792 0.0120240701 -0.0052428006 0.0012196600 0.0002530173 0.0004355878 -0.0003571092 -0.0001477075 -0.0000030719 0.0015772631 0.0001424502 0.0005746439
-0.4991036763 0.2622324548 -0.0302540918 -0.0068231901 0.0223926722 0.0063587202 0.0113244366 -0.0049885856 0.0012625194 0.0002691979 0.0004481397 -0.0003711436 -0.0001656037 -0.0000270192 0.0014852933 0.0001341010 0.0005100070
-0.5237973044 0.2436218562 -0.0288538226 -0.0061234508 0.0214863842 0.0061939566 0.0105522621 -0.0048193179 0.0013109251 0.0002810005 0.0004595007 -0.0003844196 -0.0001726375 -0.0000599180 0.0013921354 0.0001310024 0.0004467039
-0.5484909325 0.2257606711 -0.0273559282 -0.0056079020 0.0205529094 0.0059943636 0.0099591356 -0.0045819679 0.0013867804 0.0002931254 0.0004699280 -0.0003967738 -0.0001716043 -0.0000671527 0.0013058361 0.0001274273 0.0004031476
-0.5731845606 0.2079458337 -0.0266292562 -0.0050915294 0.0195124789 0.0058147472 0.0094699172 -0.0043239745 0.0013962823 0.0002969909 0.0004459152 -0.0003908148 -0.0001865958 -0.0000282398 0.0011932991 0.0001245802 0.0003644910
-0.5978781887 0.1904245034 -0.0256830839 -0.0041575341 0.0185736115 0.0055649532 0.0090804920 -0.0040743528 0.0014119676 0.0002863334 0.0004460750 -0.0003944266 -0.0001884641 -0.0000320632 0.0010963135 0.0001142538 0.0003421797
-0.6225718168 0.1737767803 -0.0244619543 -0.0029809220 0.0176420242 0.0053244680 0.0085910779 -0.0038888764 0.0014180524 0.0002841135 0.0004458842 -0.0004016233 -0.0001803463 -0.0000515733 0.0010121094 0.0001053800 0.0003217344
-0.6472654449 0.1581593126 -0.0234264124 -0.0016743116 0.0166826196 0.0051298176 0.0080547646 -0.0036586573 0.0014130090 0.0002748566 0.0004419144 -0.0004013126 -0.0001856098 -0.0000366549 0.0009345437 0.0001013419 0.0003101423
-0.6719590730 0.1427434898 -0.0224676827 -0.0009147276 0.0156385407 0.0048161307 0.0074555336 -0.0034166194 0.0013911701 0.0002615829 0.0004345538 -0.0003976042 -0.0001837217 -0.0000520181 0.0008483003 0.0000908787 0.0002713672
-0.6966527011 0.1278858808 -0.0213002368 -0.0000773660 0.0145334906 0.0045448011 0.0069295526 -0.0031746136 0.0013507067 0.0002517268 0.0004122110 -0.0003856092 -0.0001773310 -0.0000809977 0.0007574935 0.0000820891 0.0002341963
-0.7213463292 0.1139184485 -0.0202600962 0.0009612445 0.0133872565 0.0042762935 0.0063384618 -0.0029329447 0.0012675118 0.0002473742 0.0003816224 -0.0003719477 -0.0001684801 -0.0000971280 0.0006683922 0.0000753373 0.0001959269
-0.7460399573 0.1005526561 -0.0191717454 0.0012826897 0.0121361975 0.0040274357 0.0057202574 -0.0026186240 0.0011507978 0.0002423009 0.0003456552 -0.0003411865 -0.0001616302 -0.0001024905 0.0005734012 0.0000699010 0.0001658065
-0.7707335854 0.0878155666 -0.0178636042 0.0017473575 0.0109592433 0.0037427584 0.0051787954 -0.0022770710 0.0010416362 0.0002187766 0.0003147693 -0.0002969362 -0.0001465064 -0.0000742437 0.0004892520 0.0000611651 0.0001403540
-0.7954272135 0.0755901853 -0.0166879254 0.0018940434 0.0098688334 0.0034720633 0.0047664898 -0.0020060572 0.0009334349 0.0002029264 0.0002907010 -0.0002629244 -0.0001321293 -0.0000802451 0.0004158454 0.0000532250 0.0001215414
-0.8201208416 0.0642575907 -0.0155653783 0.0020120511 0.0089212568 0.0032480081 0.0043489386 -0.0017494032 0.0008468540 0.0001788374 0.0002648412 -0.0002285952 -0.0001232600 -0.0000808411 0.0003597937 0.0000487860 0.0001070216
-0.8448144697 0.0538839948 -0.0145872156 0.0021888835 0.0081504661 0.0030022521 0.0039966361 -0.0015333597 0.0007894758 0.0001614084 0.0002381899 -0.0002107248 -0.0001115937 -0.0000882058 0.0003191197 0.0000420835 0.0000970213
-0.8695080978 0.0444019881 -0.0137674260 0.0026200894 0.0073369079 0.0027713285 0.0035699545 -0.0013502356 0.0007138902 0.0001459176 0.0002096122 -0.0001916863 -0.0000995968 -0.0000746607 0.0002791649 0.0000374034 0.0000829144
-0.8942017259 0.0356076643 -0.0128880007 0.0033113884 0.0064954063 0.0025216572 0.0030918939 -0.0011641023 0.0006313962 0.0001262226 0.0001749827 -0.0001663772 -0.0000885628 -0.0000467014 0.0002431054 0.0000319520 0.0000647063
-0.9188953540 0.0278089678 -0.0121556416 0.0036511927 0.0057606323 0.0023227341 0.0026783304 -0.0009744178 0.0005485623 0.0001112260 0.0001499050 -0.0001335075 -0.0000851542 -0.0000360815 0.0002080172 0.0000312510 0.0000513680
-0.9435889821 0.0210613645 -0.0116755058 0.0038098235 0.0050956183 0.0021240150 0.0023225256 -0.0008115178 0.0004706292 0.0000929929 0.0001293985 -0.0001110114 -0.0000753163 -0.0000367836 0.0001753820 0.0000284153 0.0000424467
-0.9682826102 0.0154110444 -0.0110235356 0.0040959588 0.0045466522 0.0019172639 0.0020616656 -0.0006683234 0.0004165949 0.0000763795 0.0001198441 -0.0000996665 -0.0000621109 -0.0000561734 0.0001559842 0.0000215185 0.0000433099
-0.9929762382 0.0105027962 -0.0102997716 0.0046379703 0.0040229867 0.0017346782 0.0018109502 -0.0005316904 0.0003476096 0.0000678805 0.0001055557 -0.0000780016 -0.0000537527 -0.0000586388 0.0001334526 0.0000193743 0.0000383502
-1.0176698663 0.0062485679 -0.0097810503 0.0052906468 0.0035379419 0.0015494954 0.0015589162 -0.0004426127 0.0002686631 0.0000552213 0.0000756771 -0.0000747039 -0.0000505917 -0.0000432771 0.0001025923 0.0000163220 0.0000272622
-1.0423634944 0.0027359421 -0.0094135441 0.0055450563 0.0031590869 0.0013944169 0.0013178160 -0.0003484564 0.0002052985 0.0000427810 0.0000519776 -0.0000552345 -0.0000440287 -0.0000310313 0.0000768765 0.0000137914 0.0000196124
-1.0670571225 -0.0000851491 -0.0089521229 0.0054156780 0.0028435265 0.0012567524 0.0011256359 -0.0002715239 0.0001488483 0.0000325014 0.0000355961 -0.0000384205 -0.0000370177 -0.0000274929 0.0000550108 0.0000111900 0.0000162259
-1.0917507506 -0.0022937009 -0.0085198702 0.0052654528 0.0026008692 0.0011270623 0.0009987596 -0.0002131033 0.0001098027 0.0000249541 0.0000289589 -0.0000264330 -0.0000283121 -0.0000254182 0.0000414486 0.0000088484 0.0000149595
-1.1164443787 -0.0041463901 -0.0081986154 0.0051788703 0.0023942144 0.0010158482 0.0008971254 -0.0001761295 0.0000762024 0.0000202031 0.0000220154 -0.0000189941 -0.0000242868 -0.0000285808 0.0000298062 0.0000078970 0.0000127029
-1.1411380068 -0.0056170705 -0.0078406044 0.0054423721 0.0022307829 0.0009123910 0.0008041205 -0.0001464904 0.0000516920 0.0000158317 0.0000140321 -0.0000135610 -0.0000182649 -0.0000179595 0.0000217497 0.0000065382 0.0000078591
-1.1658316349 -0.0067497255 -0.0076293931 0.0057144580 0.0021062389 0.0008293762 0.0007114781 -0.0001250721 0.0000376374 0.0000119234 0.0000086534 -0.0000095562 -0.0000148694 -0.0000137842 0.0000176638 0.0000053787 0.0000060676
-1.1905252630 -0.0076226659 -0.0075421040 0.0057713296 0.0020082184 0.0007622527 0.0006317008 -0.0001059702 0.0000289468 0.0000092292 0.0000034415 -0.0000066669 -0.0000151609 -0.0000142145 0.0000152412 0.0000052512 0.0000053671
-1.2152188911 -0.0082983922 -0.0073990211 0.0056925958 0.0019428915 0.0006892317 0.0005687002 -0.0000855562 0.0000221893 0.0000059183 0.0000002094 -0.0000044331 -0.0000148037 -0.0000127992 0.0000137752 0.0000048976 0.0000047186
-1.2399125192 -0.0088191286 -0.0071791248 0.0056316084 0.0018952918 0.0006176241 0.0005240281 -0.0000664085 0.0000175484 0.0000039028 0.0000002852 -0.0000019381 -0.0000134772 -0.0000084985 0.0000125824 0.0000044973 0.0000035869
-1.2646061473 -0.0091676695 -0.0069806163 0.0055791343 0.0018543029 0.0005635971 0.0004740400 -0.0000576199 0.0000161389 0.0000021674 0.0000001582 -0.0000007590 -0.0000109441 -0.0000036884 0.0000117357 0.0000037785 0.0000020008
-1.2892997754 -0.0092903607 -0.0068387287 0.0055077724 0.0018222620 0.0005144823 0.0004389740 -0.0000539101 0.0000158887 0.0000010108 -0.0000001209 -0.0000001563 -0.0000088113 -0.0000017954 0.0000112553 0.0000026039 0.0000016327
-1.3139934035 -0.0093163379 -0.0067373265 0.0054604205 0.0017914762 0.0004752257 0.0004153406 -0.0000494526 0.0000146814 0.0000000424 -0.0000005585 0.0000000035 -0.0000066005 -0.0000017501 0.0000109315 0.0000016959 0.0000014338
-1.3386870316 -0.0093619641 -0.0066312039 0.0053330010 0.0017583810 0.0004411672 0.0004002780 -0.0000443529 0.0000136375 -0.0000002762 -0.0000005646 0.0000002679 -0.0000045528 -0.0000016431 0.0000106251 0.0000011474 0.0000013714
-1.3633806597 -0.0093333043 -0.0065506086 0.0051980955 0.0017271719 0.0004137992 0.0003807494 -0.0000406355 0.0000120682 -0.0000004414 -0.0000013743 0.0000001320 -0.0000041396 -0.0000024420 0.0000100577 0.0000009491 0.0000010839
-1.3880742878 -0.0092562393 -0.0064707985 0.0049778619 0.0017072131 0.0003888512 0.0003582730 -0.0000392983 0.0000113374 -0.0000006168 -0.0000008890 0.0000002984 -0.0000038473 -0.0000017362 0.0000096467 0.0000008714 0.0000009451
-1.4127679159 -0.0092237673 -0.0064265837 0.0046538844 0.0016980657 0.0003569245 0.0003503316 -0.0000410955 0.0000102800 -0.0000001309 -0.0000016896 0.0000003430 -0.0000026186 -0.0000025581 0.0000095517 0.0000006151 0.0000009181
-1.4374615440 -0.0092280401 -0.0064443361 0.0043733005 0.0016895808 0.0003309113 0.0003522266 -0.0000437003 0.0000096195 -0.0000000769 -0.0000019704 0.0000004326 -0.0000021963 -0.0000030535 0.0000095263 0.0000005005 0.0000010282
-1.4621551721 -0.0092201283 -0.0064383529 0.0042072946 0.0016852964 0.0003142491 0.0003531754 -0.0000428853 0.0000095863 -0.0000001729 -0.0000021610 0.0000004063 -0.0000015376 -0.0000032063 0.0000095039 0.0000005007 0.0000009527
-1.4868488002 -0.0091361824 -0.0065053056 0.0040668897 0.0016755787 0.0002998847 0.0003486811 -0.0000405616 0.0000103031 0.0000001328 -0.0000022506 0.0000004075 -0.0000016598 -0.0000032941 0.0000094499 0.0000004971 0.0000009718
-1.5115424283 -0.0089075601 -0.0065232612 0.0040787955 0.0016628645 0.0002914857 0.0003513620 -0.0000402598 0.0000107588 0.0000002511 -0.0000015286 0.0000005466 -0.0000014658 -0.0000023614 0.0000093351 0.0000004040 0.0000011022
-1.5362360564 -0.0086548712 -0.0063491407 0.0040943012 0.0016488127 0.0002847182 0.0003542181 -0.0000455850 0.0000116023 0.0000000664 -0.0000014171 0.0000007821 -0.0000007003 -0.0000027563 0.0000090476 0.0000004378 0.0000011404
-1.5609296845 -0.0084364683 -0.0061986585 0.0039672888 0.0016413879 0.0002769113 0.0003615561 -0.0000479451 0.0000122458 0.0000000451 -0.0000012897 0.0000007312 -0.0000010487 -0.0000031703 0.0000089953 0.0000004187 0.0000014504
-1.5856233126 -0.0082575126 -0.0060701353 0.0038120891 0.0016274972 0.0002644985 0.0003568427 -0.0000468356 0.0000125115 -0.0000001314 -0.0000020504 0.0000005196 -0.0000014445 -0.0000041009 0.0000088526 0.0000003628 0.0000014813
-1.6103169407 -0.0081261178 -0.0059854113 0.0037602320 0.0016230520 0.0002576003 0.0003697430 -0.0000432143 0.0000121480 -0.0000003471 -0.0000019257 0.0000002819 -0.0000014493 -0.0000028272 0.0000087339 0.0000003651 0.0000017493
-1.6350105688 -0.0080462802 -0.0059173313 0.0035775011 0.0016204751 0.0002544410 0.0003686271 -0.0000454857 0.0000116693 -0.0000002037 -0.0000015453 0.0000004638 -0.0000001193 -0.0000021114 0.0000087382 0.0000004626 0.0000015200
-1.6597041969 -0.0079885044 -0.0059083175 0.0031535108 0.0016240257 0.0002548295 0.0003626535 -0.0000440984 0.0000121331 -0.0000001949 -0.0000010586 0.0000002204 -0.0000006809 -0.0000023272 0.0000087916 0.0000004406 0.0000013717
-1.6843978250 -0.0078846550 -0.0057705619 0.0027277950 0.0016295399 0.0002615479 0.0003706735 -0.0000422756 0.0000122430 -0.0000004639 -0.0000026009 0.0000001198 -0.0000005111 -0.0000049368 0.0000088985 0.0000005228 0.0000014479
-1.7090914531 -0.0076689545 -0.0056753444 0.0026164160 0.0016284001 0.0002604082 0.0003877310 -0.0000441940 0.0000130119 -0.0000000239 -0.0000029129 -0.0000000519 -0.0000012703 -0.0000040756 0.0000088833 0.0000003392 0.0000016679
-1.7337850812 -0.0074787331 -0.0054729170 0.0026496774 0.0016325821 0.0002590387 0.0003966093 -0.0000459193 0.0000129488 0.0000001076 -0.0000022610 0.0000000549 -0.0000014598 -0.0000025872 0.0000090136 0.0000004683 0.0000016619
-1.7584787093 -0.0073879458 -0.0054616306 0.0025583262 0.0016354786 0.0002580268 0.0004083071 -0.0000453338 0.0000128937 0.0000002691 -0.0000018050 0.0000001848 -0.0000011287 -0.0000028332 0.0000090479 0.0000004304 0.0000015914
-1.7831723374 -0.0074509398 -0.0055724581 0.0022546579 0.0016364435 0.0002726886 0.0004213191 -0.0000406294 0.0000113140 -0.0000007982 -0.0000020306 -0.0000002120 -0.0000032772 -0.0000025293 0.0000091208 0.0000011008 0.0000020085
-1.8078659654 -0.0075584084 -0.0057050184 0.0019357221 0.0016364013 0.0002723196 0.0004451342 -0.0000375574 0.0000100116 -0.0000008332 -0.0000024769 -0.0000005302 -0.0000046068 -0.0000038134 0.0000090558 0.0000015269 0.0000021545
-1.8325595935 -0.0074446182 -0.0056603316 0.0017125005 0.0016373636 0.0002669912 0.0004736850 -0.0000354253 0.0000087512 0.0000006317 -0.0000031773 0.0000001394 -0.0000019609 -0.0000050389 0.0000090596 0.0000006936 0.0000027087
-1.8572532216 -0.0071986106 -0.0056206157 0.0014303008 0.0016363988 0.0002729979 0.0004785896 -0.0000352231 0.0000090115 0.0000003106 -0.0000027642 0.0000008214 -0.0000035820 -0.0000047149 0.0000090223 0.0000008874 0.0000027431
-1.8819468497 -0.0069768210 -0.0053694850 0.0011316369 0.0016546526 0.0002737119 0.0005086299 -0.0000338137 0.0000100608 0.0000001245 -0.0000030706 0.0000007560 -0.0000043646 -0.0000063881 0.0000094053 0.0000010611 0.0000033758
-1.9066404778 -0.0069134958 -0.0049963546 0.0008091912 0.0016668792 0.0002800994 0.0005346260 -0.0000271288 0.0000116518 0.0000006517 -0.0000028128 0.0000011130 -0.0000026232 -0.0000064574 0.0000095381 0.0000012178 0.0000039453
-1.9313341059 -0.0069721073 -0.0046758368 0.0004845662 0.0016665046 0.0002802302 0.0005551196 -0.0000224419 0.0000125633 0.0000012757 -0.0000040980 0.0000009689 -0.0000009633 -0.0000078004 0.0000097315 0.0000012670 0.0000040594
-1.9560277340 -0.0069986087 -0.0045937138 0.0002633412 0.0016513574 0.0002799783 0.0005581271 -0.0000280224 0.0000137311 0.0000014775 -0.0000037877 0.0000004152 -0.0000018300 -0.0000084130 0.0000096613 0.0000014030 0.0000039873
-1.9807213621 -0.0069722894 -0.0046898617 0.0002467719 0.0016412364 0.0002758898 0.0005399192 -0.0000284659 0.0000134362 0.0000016350 -0.0000023920 0.0000003863 -0.0000006134 -0.0000045415 0.0000096134 0.0000016866 0.0000050266
-2.0054149902 -0.0069255621 -0.0049549731 0.0002590492 0.0016225809 0.0002596100 0.0005145939 -0.0000345420 0.0000111332 0.0000006088 -0.0000042917 -0.0000003980 -0.0000009040 -0.0000088771 0.0000089252 0.0000011328 0.0000031742
-2.0301086183 -0.0067137615 -0.0051647950 0.0003187713 0.0016221629 0.0002432999 0.0004917556 -0.0000366033 0.0000113615 0.0000007065 -0.0000023052 0.0000000102 -0.0000006629 -0.0000048415 0.0000091236 0.0000008081 0.0000038621
-2.0548022464 -0.0065379468 -0.0054375250 0.0002736490 0.0016173609 0.0002374760 0.0004706617 -0.0000396139 0.0000106046 -0.0000001929 -0.0000025343 -0.0000001500 -0.0000018088 -0.0000037261 0.0000090507 0.0000006162 0.0000034142
-2.0794958745 -0.0064538298 -0.0055571607 0.0002522921 0.0016037524 0.0002297117 0.0004424316 -0.0000422974 0.0000100636 -0.0000007304 -0.0000048625 0.0000002665 -0.0000017899 -0.0000067295 0.0000088609 0.0000006902 0.0000025564
-2.1041895026 -0.0064321562 -0.0056380118 0.0001407580 0.0016041149 0.0002192430 0.0004324574 -0.0000448138 0.0000091838 -0.0000012818 -0.0000054425 -0.0000003820 -0.0000013488 -0.0000076365 0.0000090690 0.0000006898 0.0000025293
-2.1288831307 -0.0061821828 -0.0057379264 0.0002428342 0.0015924388 0.0002096310 0.0004088287 -0.0000494169 0.0000106523 -0.0000004848 -0.0000035656 -0.0000000878 -0.0000005499 -0.0000050049 0.0000087138 0.0000007188 0.0000023163
-2.1535767588 -0.0059963550 -0.0059273620 0.0003314775 0.0015843143 0.0001967194 0.0003795800 -0.0000471441 0.0000114587 0.0000005300 -0.0000035856 -0.0000001176 0.0000009511 -0.0000058442 0.0000086262 0.0000007011 0.0000021262
-2.1782703869 -0.0058993404 -0.0061181391 0.0004504956 0.0015709795 0.0001689574 0.0003502943 -0.0000452549 0.0000130178 0.0000003894 -0.0000032620 0.0000001022 -0.0000007479 0.0000001919 0.0000083897 0.0000001631 0.0000027908
-2.2029640150 -0.0057734972 -0.0062531206 0.0005555953 0.0015524380 0.0001552298 0.0003054363 -0.0000429967 0.0000133774 0.0000003711 -0.0000022231 0.0000000058 -0.0000006939 0.0000014153 0.0000080411 0.0000001146 0.0000024155
-2.2276576431 -0.0056534710 -0.0063559932 0.0004693934 0.0015506219 0.0001474096 0.0002726898 -0.0000417625 0.0000126451 0.0000001722 -0.0000012704 0.0000000557 -0.0000004944 -0.0000020483 0.0000079619 0.0000000921 0.0000007225
-2.2523512712 -0.0055437322 -0.0064774418 0.0002709982 0.0015462835 0.0001434202 0.0002567173 -0.0000394296 0.0000118519 0.0000000489 -0.0000016856 0.0000001900 -0.0000005240 -0.0000021474 0.0000078353 0.0000000901 0.0000006260
-2.2770448993 -0.0054020938 -0.0065208466 0.0001603111 0.0015360130 0.0001393310 0.0002363982 -0.0000403796 0.0000120495 0.0000000424 -0.0000015565 0.0000002963 -0.0000005369 -0.0000021625 0.0000076584 0.0000000794 0.0000004420
-2.3017385274 -0.0051723639 -0.0064895010 0.0001545015 0.0015237422 0.0001349226 0.0002168179 -0.0000430887 0.0000125920 0.0000001405 -0.0000007963 0.0000001666 -0.0000004184 -0.0000012004 0.0000075400 0.0000000705 0.0000003212
-2.3264321555 -0.0050188786 -0.0064830660 0.0000374017 0.0015204699 0.0001317461 0.0002048974 -0.0000465306 0.0000122446 0.0000002146 -0.0000007657 0.0000001514 -0.0000003357 -0.0000012237 0.0000075690 0.0000000633 0.0000003096
-2.3511257836 -0.0049141891 -0.0065824055 -0.0000022369 0.0015203294 0.0001291977 0.0001919816 -0.0000456799 0.0000121406 0.0000001172 -0.0000006809 0.0000001639 -0.0000003092 -0.0000012029 0.0000076197 0.0000000595 0.0000002498
-2.3758194117 -0.0047594229 -0.0067759851 0.0001284587 0.0015211618 0.0001284728 0.0001842765 -0.0000428344 0.0000128715 0.0000000495 -0.0000004553 0.0000001174 -0.0000003027 -0.0000006659 0.0000076329 0.0000000601 0.0000002627
-2.4005130398 -0.0045739505 -0.0069309608 0.0002727051 0.0015204309 0.0001290364 0.0001778100 -0.0000404666 0.0000135608 0.0000000321 -0.0000004390 0.0000000830 -0.0000003734 -0.0000007477 0.0000075975 0.0000000643 0.0000002103
-2.4252066679 -0.0043905420 -0.0069637072 0.0002940810 0.0015230586 0.0001305723 0.0001809273 -0.0000405283 0.0000142542 0.0000000374 -0.0000000070 0.0000000485 -0.0000005796 0.0000001439 0.0000076163 0.0000000889 0.0000003763
-2.4499002960 -0.0042858416 -0.0069063076 0.0001689990 0.0015239862 0.0001302041 0.0001771720 -0.0000408866 0.0000144250 0.0000000506 -0.0000000749 -0.0000000391 -0.0000004396 -0.0000000380 0.0000076774 0.0000000755 0.0000003035
-2.4745939241 -0.0042160413 -0.0068597446 -0.0001127564 0.0015216000 0.0001287329 0.0001687573 -0.0000401044 0.0000139909 0.0000000395 -0.0000002552 -0.0000000496 -0.0000004085 -0.0000005989 0.0000076916 0.0000000689 0.0000001851
-2.4992875522 -0.0040982612 -0.0068129978 -0.0003128817 0.0015164954 0.0001257141 0.0001622935 -0.0000398719 0.0000135052 0.0000000440 -0.0000002549 -0.0000000150 -0.0000003407 -0.0000002542 0.0000075958 0.0000000611 0.0000001829
-2.5239811803 -0.0039454164 -0.0067523817 -0.0003525731 0.0015104687 0.0001211400 0.0001562366 -0.0000404672 0.0000135757 0.0000000750 -0.0000002920 -0.0000000508 -0.0000002786 -0.0000003978 0.0000075052 0.0000000560 0.0000001585
-2.5486748084 -0.0038044559 -0.0067043617 -0.0003697149 0.0015083168 0.0001168006 0.0001551111 -0.0000405911 0.0000138770 0.0000001363 -0.0000001898 -0.0000002838 -0.0000002632 -0.0000003003 0.0000075163 0.0000000481 0.0000001556
-2.5733684365 -0.0036815036 -0.0066985434 -0.0004342770 0.0015088692 0.0001145851 0.0001522975 -0.0000411228 0.0000139393 0.0000001109 -0.0000002733 -0.0000003260 -0.0000002565 -0.0000002826 0.0000075686 0.0000000470 0.0000001389
-2.5980620646 -0.0035787707 -0.0067998285 -0.0004859527 0.0015098371 0.0001147415 0.0001517980 -0.0000400511 0.0000138767 0.0000001372 -0.0000002214 -0.0000002878 -0.0000001492 -0.0000005212 0.0000075666 0.0000000566 0.0000002271
-2.6227556926 -0.0034925545 -0.0069355107 -0.0005389024 0.0015075713 0.0001155034 0.0001516583 -0.0000373503 0.0000136162 0.0000001575 -0.0000000607 -0.0000002071 -0.0000003153 -0.0000004217 0.0000075163 0.0000000966 0.0000002750
-2.6474493207 -0.0034322892 -0.0070374592 -0.0006480930 0.0015049062 0.0001128803 0.0001510022 -0.0000331100 0.0000131603 0.0000000397 -0.0000001722 -0.0000001430 -0.0000001903 -0.0000002320 0.0000074663 0.0000000459 0.0000002239
-2.6721429488 -0.0033563867 -0.0071091926 -0.0007436903 0.0015033612 0.0001126605 0.0001461738 -0.0000330097 0.0000132361 -0.0000000606 -0.0000002321 -0.0000000936 -0.0000002060 -0.0000001494 0.0000074333 0.0000000482 0.0000001279
-2.6968365769 -0.0032140947 -0.0071710142 -0.0008066770 0.0015034952 0.0001117506 0.0001427807 -0.0000360458 0.0000137044 -0.0000000513 -0.0000002008 0.0000000223 -0.0000001444 -0.0000002459 0.0000074375 0.0000000433 0.0000001016
-2.7215302050 -0.0030799207 -0.0072515203 -0.0008424233 0.0015036295 0.0001112661 0.0001438303 -0.0000355548 0.0000136855 -0.0000000533 -0.0000001074 0.0000000220 -0.0000001778 -0.0000001141 0.0000074410 0.0000000447 0.0000001170
-2.7462238331 -0.0029360976 -0.0073220763 -0.0009371211 0.0015041387 0.0001105851 0.0001472527 -0.0000330255 0.0000133827 0.0000000043 0.0000001562 -0.0000001314 -0.0000001707 0.0000002206 0.0000074257 0.0000000446 0.0000001966
-2.7709174612 -0.0027730621 -0.0073670715 -0.0010586829 0.0015025682 0.0001096996 0.0001465843 -0.0000314867 0.0000131147 0.0000000258 0.0000003033 -0.0000001387 -0.0000001241 0.0000001610 0.0000074201 0.0000000418 0.0000001529
-2.7956110893 -0.0026393838 -0.0073933615 -0.0011648859 0.0014995036 0.0001104079 0.0001455220 -0.0000335614 0.0000128577 0.0000000218 -0.0000000173 -0.0000000319 -0.0000001331 -0.0000002114 0.0000073895 0.0000000427 0.0000001777
-2.8203047174 -0.0025410465 -0.0074043254 -0.0012865832 0.0014993246 0.0001097557 0.0001432710 -0.0000369520 0.0000130581 0.0000000289 0.0000000397 -0.0000000757 -0.0000001785 -0.0000002261 0.0000073565 0.0000000425 0.0000001023
-2.8449983455 -0.0024392217 -0.0074722161 -0.0013717623 0.0015009743 0.0001084368 0.0001466433 -0.0000369439 0.0000133492 -0.0000000221 0.0000000339 -0.0000002910 -0.0000001918 -0.0000002677 0.0000073666 0.0000000611 0.0000001141
-2.8696919736 -0.0023352166 -0.0075469915 -0.0013732108 0.0014993515 0.0001056801 0.0001473532 -0.0000354004 0.0000135047 0.0000000110 -0.0000001385 -0.0000003102 -0.0000000777 -0.0000005852 0.0000073714 0.0000000495 0.0000001496
-2.8943856017 -0.0021730321 -0.0075958132 -0.0013402061 0.0014980249 0.0001046213 0.0001436544 -0.0000354475 0.0000134148 0.0000000157 0.0000000313 -0.0000002708 -0.0000001471 -0.0000002262 0.0000073723 0.0000000396 0.0000001313
-2.9190792298 -0.0020109463 -0.0076389297 -0.0013811861 0.0014987970 0.0001055051 0.0001433131 -0.0000379999 0.0000132433 0.0000000374 -0.0000000247 -0.0000002952 -0.0000001405 -0.0000003074 0.0000073728 0.0000000410 0.0000001300
-2.9437728579 -0.0018725806 -0.0077128887 -0.0014969310 0.0014977009 0.0001062865 0.0001451231 -0.0000413063 0.0000130412 0.0000001569 -0.0000001470 -0.0000004146 -0.0000003124 -0.0000004036 0.0000073387 0.0000000662 0.0000001391
-2.9684664860 -0.0017853466 -0.0077857171 -0.0016184099 0.0014973142 0.0001048463 0.0001456543 -0.0000404541 0.0000129018 0.0000002443 -0.0000003078 -0.0000006269 -0.0000001331 -0.0000004187 0.0000073244 0.0000000420 0.0000001201
-2.9931601141 -0.0017069984 -0.0078445211 -0.0016130693 0.0014958905 0.0001056518 0.0001475777 -0.0000370900 0.0000135243 0.0000001970 0.0000000030 -0.0000006733 -0.0000001339 0.0000000791 0.0000072650 0.0000000401 0.0000001321
-3.0178537422 -0.0016170490 -0.0079245498 -0.0015931600 0.0014989902 0.0001053323 0.0001500219 -0.0000350510 0.0000141230 0.0000001577 0.0000004609 -0.0000006136 -0.0000001286 0.0000005312 0.0000072964 0.0000000401 0.0000001995
-3.0425473703 -0.0015345704 -0.0079832165 -0.0016189074 0.0015021347 0.0001045927 0.0001466275 -0.0000373283 0.0000144450 0.0000001781 0.0000009075 -0.0000004753 -0.0000001172 0.0000009101 0.0000073311 0.0000000388 0.0000002428
-3.0672409984 -0.0014272883 -0.0080311964 -0.0016689774 0.0015053588 0.0001050855 0.0001450308 -0.0000393394 0.0000143092 0.0000002127 0.0000008417 -0.0000003334 -0.0000001325 0.0000007612 0.0000073741 0.0000000401 0.0000002013
-3.0919346265 -0.0012989269 -0.0080451455 -0.0017427456 0.0015119372 0.0001055250 0.0001511984 -0.0000375662 0.0000138472 -0.0000000171 -0.0000009026 -0.0000005953 -0.0000003128 -0.0000021501 0.0000075761 0.0000000694 0.0000014012
-3.1166282546 -0.0011698023 -0.0080332428 -0.0017738034 0.0015159752 0.0001060511 0.0001475632 -0.0000357414 0.0000138589 0.0000000063 -0.0000009263 -0.0000005104 -0.0000006826 -0.0000020971 0.0000075860 0.0000001464 0.0000009605
-3.1413218827 -0.0010327461 -0.0080229701 -0.0017989045 0.0015161669 0.0001033724 0.0001443795 -0.0000349132 0.0000139653 0.0000002366 0.0000001467 -0.0000000956 -0.0000002596 -0.0000000253 0.0000075287 0.0000000602 0.0000001166
-3.1660155108 -0.0008816342 -0.0080489775 -0.0018609514 0.0015133991 0.0001044780 0.0001456004 -0.0000347861 0.0000141608 0.0000001377 0.0000000461 -0.0000001960 -0.0000001398 -0.0000001642 0.0000075322 0.0000000411 0.0000001327
