# Kim, K. U., Elliott, G. S., and Dutton, J. C., “A Three-Dimensional Experimental Study of Compressibility Effects on Turbulent Free Shear Layers,” AIAA Aviation Conference, Atlanta, GA, 2018.
# This work was funded by the NASA Aeronautics Mission Directorate's Transformative Aeronautics Concepts Program, Transformational Tools and Technologies Project; Grant Number NNX15AU94A.
VARIABLES = "(y-y0)/b", "(U-U2)/dU", "V/dU", "W/dU", "<u'^2>/dU^2", "<v'^2>/dU^2", "<w'^2>/dU^2", "<u'v'>/dU^2", "<u'^3>/dU^3", "<u'v'^2>/dU^3", "<u'w'^2>/dU^3", "<v'u'^2>/dU^3", "<v'^3>/dU^3", "<v'w'^2>/dU^3", "<u'^4>/dU^4", "<v'^4>/dU^4", "<w'^4>/dU^4", "u_skewness", "v_skewness", "w_skewness", "u_kurtosis", "v_kurtosis", "w_kurtosis", "<u'v'^2>/(<u'^2>^(1/2)<v'^2>)", "<u'w'^2>/(<u'^2>^(1/2)<w'^2>)", "<v'u'^2>/(<v'^2>^(1/2)<u'^2>)", "<v'w'^2>/(<v'^2>^(1/2)<w'^2>)"
ZONE T="Frame 0", I=134, J=1, F=POINT
1.6656712373 1.0003812533 0.0042454812 0.0067116219 0.0006227132 0.0003138658 0.0005076583 -0.0000100781 -0.0000049451 0.0000003165 -0.0000033321 0.0000007206 -0.0000003274 -0.0000004428 0.0000012232 0.0000004719 0.0000011512 -0.3690499361 -0.0701979786 -0.0196838529 3.1570253535 4.7045370701 4.3778374302 0.0466666363 -0.2832021962 0.0666720821 -0.0315655501
1.6423239115 1.0003828143 0.0044836122 0.0066330610 0.0006291884 0.0003246908 0.0005174815 -0.0000043258 -0.0000046853 0.0000005043 -0.0000028718 0.0000008033 -0.0000001886 -0.0000001642 0.0000012111 0.0000004113 0.0000010572 -0.3484572398 -0.0463148633 0.0028038412 3.0791825785 3.8852749829 3.9620480062 0.0646384235 -0.2448887590 0.0695527993 -0.0179296491
1.6189765857 1.0002955617 0.0045664710 0.0067272987 0.0006362366 0.0003380756 0.0005339482 0.0000003589 -0.0000047997 0.0000003157 -0.0000028849 0.0000007565 -0.0000002161 -0.0000000039 0.0000012578 0.0000004805 0.0000011134 -0.3498192860 -0.0544614605 -0.0139566896 3.1090235817 4.2517245815 3.9309311258 0.0399328825 -0.2394836629 0.0643034886 -0.0025488139
1.5956292599 1.0000894620 0.0043886725 0.0069707584 0.0006398947 0.0003511616 0.0005496461 0.0000018675 -0.0000048428 0.0000003655 -0.0000030085 0.0000007683 0.0000000605 -0.0000000240 0.0000012544 0.0000004986 0.0000012180 -0.3527425645 -0.0084870490 -0.0273183882 3.1053247275 3.9895809966 4.0974683440 0.0429904453 -0.2411280989 0.0612663403 -0.0022840584
1.5722819340 0.9998270598 0.0040657189 0.0073012591 0.0006453577 0.0003701254 0.0005670005 0.0000026866 -0.0000054215 0.0000001397 -0.0000034767 0.0000006312 0.0000001449 -0.0000000736 0.0000013159 0.0000006738 0.0000014123 -0.3867753814 0.0118306414 -0.0559626274 3.2219242317 4.8081188124 4.4923181335 0.0174871322 -0.2694048770 0.0462889683 -0.0098670368
1.5489346082 0.9996005594 0.0037873389 0.0076116610 0.0006529432 0.0003864708 0.0005758570 0.0000010887 -0.0000057129 0.0000002567 -0.0000033189 0.0000006029 0.0000006279 0.0000000756 0.0000014033 0.0000006621 0.0000018636 -0.3963436538 0.0694048354 -0.0268052338 3.3922638341 4.4242877027 5.8451098760 0.0277421216 -0.2458094655 0.0421930827 -0.0010706516
1.5255872824 0.9994629987 0.0036225357 0.0076522352 0.0006603227 0.0003974585 0.0005684716 0.0000011514 -0.0000057783 0.0000005406 -0.0000030331 0.0000006694 0.0000003720 -0.0000000514 0.0000014453 0.0000006644 0.0000015728 -0.3973619500 0.0351409434 0.0125157172 3.3885896185 4.1767424017 4.9910900904 0.0541131347 -0.2334131172 0.0456705777 -0.0110109844
1.5022399566 0.9994540866 0.0035689301 0.0073697967 0.0006651881 0.0003990482 0.0005584611 0.0000042967 -0.0000054768 0.0000007802 -0.0000029263 0.0000007944 0.0000001366 -0.0000000693 0.0000013930 0.0000006362 0.0000013104 -0.3827220990 0.0120889432 -0.0279191866 3.2030835241 4.0197165747 4.1251354699 0.0774260012 -0.2341607258 0.0542222016 -0.0094948433
1.4788926308 0.9995774410 0.0036603115 0.0069401321 0.0006706645 0.0004024243 0.0005533000 0.0000069896 -0.0000053148 0.0000009448 -0.0000027972 0.0000008437 0.0000000856 -0.0000001682 0.0000014103 0.0000006808 0.0000012693 -0.3715694835 0.0058615379 -0.0421750518 3.1825674660 4.2482370532 4.0676267032 0.0921838374 -0.2278764765 0.0564499168 -0.0172878205
1.4555453050 0.9998116505 0.0038126348 0.0064817047 0.0006781965 0.0004098690 0.0005567218 0.0000092885 -0.0000060313 0.0000008539 -0.0000042713 0.0000010818 0.0000000989 0.0000003917 0.0000016622 0.0000007176 0.0000023715 -0.4110853259 0.0065014538 -0.1849638961 3.7727495838 4.3238786949 7.3450167145 0.0811668728 -0.3264259358 0.0727242390 0.0208391990
1.4321979792 1.0000501055 0.0039391002 0.0061726037 0.0006855184 0.0004206433 0.0005580060 0.0000126048 -0.0000063348 0.0000007153 -0.0000045630 0.0000012982 0.0000003899 0.0000007106 0.0000017137 0.0000007740 0.0000023647 -0.4207354973 0.0377194702 -0.1383872548 3.7901509573 4.4238437246 7.4120309551 0.0663753594 -0.3452191588 0.0843300102 0.0432981294
1.4088506534 1.0000931867 0.0039764674 0.0061232204 0.0007036662 0.0004336805 0.0005586335 0.0000136572 -0.0000148131 0.0000000936 -0.0000034906 0.0000038041 0.0000005967 0.0000000195 0.0000100571 0.0000007975 0.0000014298 -0.7508346178 0.0494070071 -0.0408976028 15.6350094147 4.1301960480 4.5464949300 0.0223968720 -0.2717252262 0.2150575273 0.0013858750
1.3855033276 0.9999122371 0.0038840970 0.0062662498 0.0007070064 0.0004487845 0.0005680743 0.0000188118 -0.0000057491 0.0000010589 -0.0000029262 0.0000009106 0.0000003316 -0.0000002083 0.0000015490 0.0000007781 0.0000015015 -0.3654092087 0.0248361063 -0.0888302762 3.1550446986 3.8411092708 4.6072307635 0.0896939561 -0.2271554249 0.0513377542 -0.0163160028
1.3621560018 0.9996885842 0.0037304620 0.0065162696 0.0007218637 0.0004651795 0.0005803789 0.0000204751 -0.0000061340 0.0000009498 -0.0000035420 0.0000009065 0.0000001112 -0.0000002014 0.0000016621 0.0000009089 0.0000018113 -0.3820845578 0.0004803489 -0.1268512694 3.2694423320 4.2075273251 5.5574537330 0.0765567895 -0.2606479709 0.0491265663 -0.0138050897
1.3388086760 0.9995776088 0.0037017661 0.0067026954 0.0007328250 0.0004786481 0.0005971384 0.0000248521 -0.0000063304 0.0000008469 -0.0000036486 0.0000008084 0.0000001988 -0.0000003695 0.0000017928 0.0000009642 0.0000025346 -0.3963226825 0.0134477929 -0.1690663995 3.4604849437 4.2338267874 7.3448387821 0.0647095784 -0.2715971467 0.0410488464 -0.0178337651
1.3154613502 0.9996322997 0.0037342598 0.0067211138 0.0007422414 0.0004868200 0.0006084438 0.0000258101 -0.0000066708 0.0000007496 -0.0000037612 0.0000005679 -0.0000001441 -0.0000009672 0.0000019664 0.0000009417 0.0000034486 -0.4114947969 -0.0156859808 -0.1549908342 3.6706233030 3.9959715984 9.0353171738 0.0544346545 -0.2769124955 0.0244584344 -0.0508139871
1.2921140244 0.9998133739 0.0037631182 0.0066065213 0.0007471404 0.0004913012 0.0005990733 0.0000256604 -0.0000067953 0.0000004917 -0.0000033690 0.0000005472 -0.0000003582 -0.0000007120 0.0000018544 0.0000009831 0.0000024173 -0.4206061557 -0.0316909372 -0.0676030146 3.4464422104 4.0788110941 6.5883000913 0.0345261081 -0.2571613847 0.0212001558 -0.0407075473
1.2687666986 1.0000161675 0.0036985356 0.0064187739 0.0007488438 0.0004955240 0.0005779747 0.0000263350 -0.0000070248 0.0000002136 -0.0000033614 0.0000006684 -0.0000008053 -0.0000003911 0.0000017403 0.0000008743 0.0000015350 -0.4336621120 -0.0718063109 -0.1011651247 3.2310873263 3.5675164909 4.5067859979 0.0133812829 -0.2567531832 0.0247651075 -0.0268301402
1.2454193728 1.0001726478 0.0035375793 0.0062760484 0.0007551112 0.0005023976 0.0005656497 0.0000256054 -0.0000073045 0.0000001437 -0.0000026174 0.0000007542 -0.0000010548 -0.0000003570 0.0000018314 0.0000008549 0.0000021043 -0.4438960874 -0.0923044361 -0.0090869437 3.3166215522 3.3956305207 5.6600476747 0.0073472174 -0.2162204646 0.0249510404 -0.0303582055
1.2220720470 1.0002733053 0.0033567596 0.0061541716 0.0007638510 0.0005140821 0.0005599139 0.0000225213 -0.0000080980 0.0000000623 -0.0000031899 0.0000007916 -0.0000010981 -0.0000005010 0.0000018037 0.0000008914 0.0000012771 -0.4723864006 -0.0931005487 -0.0615588281 3.2164141382 3.3801084723 3.9120749543 -0.0000036803 -0.2445954870 0.0246329892 -0.0398522043
1.1987247212 1.0002802213 0.0032476893 0.0059948122 0.0007765243 0.0005309047 0.0005627856 0.0000211256 -0.0000086415 -0.0000000157 -0.0000034412 0.0000008907 -0.0000010471 -0.0000003560 0.0000018680 0.0000009459 0.0000011597 -0.4862342527 -0.0855177873 -0.0931447527 3.2276082804 3.3619985852 3.5862278630 -0.0063041313 -0.2606471794 0.0295640251 -0.0303936614
1.1753773953 1.0002082785 0.0032262840 0.0058414892 0.0007935634 0.0005511590 0.0005699222 0.0000203635 -0.0000088529 -0.0000001936 -0.0000035211 0.0000009600 -0.0000010625 -0.0000003116 0.0000019534 0.0000010545 0.0000012166 -0.4805211355 -0.0822079529 -0.1048874192 3.2233366075 3.4740408887 3.6649246009 -0.0175423455 -0.2595282825 0.0325688824 -0.0249968675
1.1520300695 1.0001167565 0.0032597492 0.0056876735 0.0008146098 0.0005723596 0.0005877968 0.0000221335 -0.0000091911 -0.0000005121 -0.0000037575 0.0000010422 -0.0000010563 -0.0000004257 0.0000021116 0.0000012151 0.0000015095 -0.4793222448 -0.0770018916 -0.1134937953 3.2925571107 3.7085857156 4.2327228704 -0.0360287096 -0.2627407272 0.0334604807 -0.0325817970
1.1286827437 1.0000400851 0.0032994178 0.0056031017 0.0008374186 0.0005934453 0.0006130662 0.0000249139 -0.0000099300 -0.0000007804 -0.0000042893 0.0000011309 -0.0000011852 -0.0000002603 0.0000022813 0.0000014111 0.0000017776 -0.4940689707 -0.0825720595 -0.0879890054 3.3540059050 4.0109617811 4.6018803645 -0.0487512151 -0.2818928440 0.0334649201 -0.0235833268
1.1053354179 0.9999579915 0.0033513678 0.0056328187 0.0008597748 0.0006155092 0.0006380684 0.0000272083 -0.0000108339 -0.0000009955 -0.0000045231 0.0000012566 -0.0000007450 0.0000001274 0.0000024959 0.0000014759 0.0000019820 -0.5123365269 -0.0498954915 -0.0346920965 3.4323675802 3.8794830186 4.6323583970 -0.0583672196 -0.2817592046 0.0372437688 -0.0025113211
1.0819880921 0.9998566808 0.0033842430 0.0058309859 0.0008875394 0.0006368769 0.0006603375 0.0000281957 -0.0000122707 -0.0000012363 -0.0000061233 0.0000012734 -0.0000004891 0.0000001406 0.0000029668 0.0000015731 0.0000029951 -0.5378907150 -0.0306578344 0.0633165012 3.6842014049 3.8640837695 5.8287332995 -0.0684897060 -0.3311790406 0.0380834451 0.0014403025
1.0586407663 0.9997888031 0.0033552531 0.0059954898 0.0009183902 0.0006583286 0.0006710785 0.0000283777 -0.0000138972 -0.0000013832 -0.0000078978 0.0000016446 -0.0000000746 0.0000006926 0.0000035707 0.0000017010 0.0000043100 -0.5618462837 -0.0058097328 0.1349889959 3.9675203905 3.9099986155 7.0928881766 -0.0735102373 -0.3813850984 0.0495830088 0.0219722142
1.0352934405 0.9997876284 0.0032558000 0.0059917074 0.0009466327 0.0006860015 0.0006699556 0.0000254007 -0.0000142656 -0.0000015744 -0.0000068499 0.0000018290 -0.0000000111 0.0000009896 0.0000037070 0.0000018420 0.0000036648 -0.5543037829 -0.0043949144 0.0245002947 3.9384821111 3.8904307633 6.2025672299 -0.0781754381 -0.3334573698 0.0530215383 0.0316854078
1.0119461147 0.9997705474 0.0031676438 0.0059186823 0.0009792808 0.0007233551 0.0006774009 0.0000196124 -0.0000151079 -0.0000021760 -0.0000057181 0.0000024615 0.0000006318 0.0000010145 0.0000037621 0.0000021216 0.0000028631 -0.5641199821 0.0262253030 -0.0575024671 3.8378439325 4.0156756440 5.2358162402 -0.0978104276 -0.2934787708 0.0720939018 0.0379931142
0.9885987889 0.9997470543 0.0031182695 0.0058850349 0.0010201406 0.0007691044 0.0006991636 0.0000117707 -0.0000176997 -0.0000031006 -0.0000059068 0.0000035488 0.0000015009 0.0000012260 0.0000045032 0.0000025723 0.0000031386 -0.6142528030 0.0624667925 -0.1263431747 4.2483603416 4.2883406588 5.4234930844 -0.1253125168 -0.2994986363 0.1018965686 0.0516997488
0.9652514631 0.9996849707 0.0030519670 0.0058457196 0.0010640860 0.0008219607 0.0007353473 0.0000023102 -0.0000215748 -0.0000043338 -0.0000087569 0.0000050510 0.0000031866 0.0000022495 0.0000057779 0.0000032992 0.0000051175 -0.6854816376 0.1252754984 -0.1722479596 5.0158145169 4.7839496499 7.2621626591 -0.1598573880 -0.3799112013 0.1429981579 0.0906749711
0.9419041373 0.9994880416 0.0029461499 0.0057807785 0.0011130820 0.0008828164 0.0007731628 -0.0000101915 -0.0000249043 -0.0000060240 -0.0000102083 0.0000067152 0.0000051450 0.0000040578 0.0000069088 0.0000039792 0.0000058573 -0.7424452268 0.1884476411 -0.1715964386 5.6373500621 5.0415919184 7.6061473853 -0.2064183990 -0.4151130123 0.1893203122 0.1541755929
0.9185568115 0.9991093845 0.0028205067 0.0057730787 0.0011787025 0.0009523454 0.0008174349 -0.0000240986 -0.0000303072 -0.0000083903 -0.0000109075 0.0000083394 0.0000075062 0.0000047784 0.0000085882 0.0000048845 0.0000043323 -0.8407061105 0.2478043691 -0.0271289564 6.5687104953 5.3248001386 6.3725990344 -0.2611116618 -0.4349606514 0.2288861775 0.1816664866
0.8952094857 0.9985511158 0.0027213866 0.0058298295 0.0012678462 0.0010350262 0.0008784052 -0.0000445585 -0.0000390592 -0.0000115730 -0.0000130731 0.0000115567 0.0000112561 0.0000071109 0.0000112215 0.0000063181 0.0000053498 -0.9695275743 0.3280531856 -0.0090740097 7.6455380928 5.8071411112 6.7244086290 -0.3171703530 -0.4632454955 0.2910534270 0.2398436496
0.8718621599 0.9977677177 0.0026152290 0.0059283194 0.0013787821 0.0011354393 0.0009549680 -0.0000742886 -0.0000495260 -0.0000160199 -0.0000152803 0.0000162308 0.0000162462 0.0000092594 0.0000141416 0.0000080849 0.0000062910 -1.0811386726 0.4141273377 -0.0010340698 8.2777285555 6.1675791876 6.7542597158 -0.3829949506 -0.4758277212 0.3584831769 0.2708115369
0.8485148341 0.9966793223 0.0025241812 0.0059923245 0.0015171018 0.0012549222 0.0010523210 -0.0001189096 -0.0000635340 -0.0000230481 -0.0000193912 0.0000234851 0.0000239182 0.0000133428 0.0000178177 0.0000103712 0.0000077997 -1.1842156905 0.5264506273 0.0194933387 8.5130017382 6.4627877823 7.0623843556 -0.4744704953 -0.5136716002 0.4481554586 0.3356829682
0.8251675083 0.9952177013 0.0024552877 0.0059852050 0.0016997586 0.0013992625 0.0011748268 -0.0001830684 -0.0000861723 -0.0000339725 -0.0000283454 0.0000341296 0.0000352943 0.0000172625 0.0000238083 0.0000141400 0.0000107977 -1.3293041139 0.6621693529 0.0860717054 8.9315215681 7.0828077052 7.7653204830 -0.5924806552 -0.6170983005 0.5527269163 0.3671489284
0.8018201825 0.9933869570 0.0023451430 0.0057924307 0.0019445781 0.0015417191 0.0013288620 -0.0002569207 -0.0001229923 -0.0000453478 -0.0000396016 0.0000468884 0.0000440893 0.0000232061 0.0000344907 0.0000175165 0.0000153896 -1.5227162167 0.7220254750 0.0680190987 9.7603237821 7.3023824789 8.7230304284 -0.6743062730 -0.7046877214 0.6312853176 0.4063154463
0.7784728566 0.9911439695 0.0022015763 0.0054871518 0.0022447496 0.0016894965 0.0014998673 -0.0003411561 -0.0001705622 -0.0000572522 -0.0000535734 0.0000621028 0.0000517394 0.0000308481 0.0000488315 0.0000202524 0.0000204504 -1.6716041881 0.7448350510 0.0471495467 10.1363343085 7.1045050565 8.9893924108 -0.7234728203 -0.7796032261 0.6863360021 0.4402269626
0.7551255308 0.9883571456 0.0020237968 0.0051418092 0.0026168693 0.0018634657 0.0016860767 -0.0004487100 -0.0002343021 -0.0000723573 -0.0000686834 0.0000818300 0.0000624576 0.0000379621 0.0000697447 0.0000238967 0.0000255872 -1.7981131425 0.7780414549 0.0188249677 10.4501637423 6.8850692958 9.0203481879 -0.7658383352 -0.8191359221 0.7344531482 0.4502118149
0.7317782050 0.9849350429 0.0017448535 0.0049279792 0.0030372480 0.0020596441 0.0019085407 -0.0005738112 -0.0003059358 -0.0000907147 -0.0000864276 0.0001035786 0.0000747939 0.0000445629 0.0000932039 0.0000283384 0.0000320490 -1.8628732601 0.8034789591 0.0824751760 10.2826893072 6.6885940040 8.8800601706 -0.8060202246 -0.8430494853 0.7642975494 0.4355878441
0.7084308792 0.9808167025 0.0014182850 0.0046883827 0.0035317254 0.0022775448 0.0021757345 -0.0007249875 -0.0003881527 -0.0001115643 -0.0001113718 0.0001298432 0.0000885983 0.0000533652 0.0001211435 0.0000337007 0.0000416499 -1.8775178860 0.8182173032 0.0582624299 9.8549322425 6.4933344293 8.9288612481 -0.8297828853 -0.8779465485 0.7833107822 0.4214263191
0.6850835534 0.9758270951 0.0011388595 0.0043139511 0.0041405231 0.0025152978 0.0024847433 -0.0008986028 -0.0004921997 -0.0001348058 -0.0001383960 0.0001621956 0.0001036019 0.0000636451 0.0001590383 0.0000400160 0.0000518885 -1.8690634587 0.8236511339 -0.0402433801 9.3789403762 6.3059714011 8.4829380717 -0.8367989390 -0.8768948789 0.7903714905 0.4033651727
0.6617362276 0.9698460550 0.0008103869 0.0037561394 0.0048747132 0.0027612668 0.0028588235 -0.0010925729 -0.0006231121 -0.0001586137 -0.0001712311 0.0002003254 0.0001176881 0.0000745291 0.0002098667 0.0000463885 0.0000650967 -1.8457132577 0.8132047700 -0.1148846287 8.8807825064 6.0666045849 8.0233760188 -0.8262530874 -0.8684645641 0.7889081900 0.3778494685
0.6383889018 0.9628078285 0.0003662489 0.0031662560 0.0057274346 0.0030017707 0.0032922686 -0.0013094269 -0.0007685861 -0.0001838774 -0.0002119669 0.0002436729 0.0001276569 0.0000867445 0.0002672539 0.0000518287 0.0000813905 -1.7839784059 0.7782671006 -0.1230811704 8.1819244297 5.7443439118 7.5204509158 -0.8125176938 -0.8565376923 0.7825423996 0.3507509837
0.6150415760 0.9547382750 -0.0001137269 0.0025203962 0.0067122781 0.0032442828 0.0037084843 -0.0015454700 -0.0009290394 -0.0002089420 -0.0002492063 0.0002883721 0.0001389914 0.0000989240 0.0003326123 0.0000560626 0.0000971103 -1.6967272700 0.7536960637 -0.1345306518 7.4109424032 5.3267561754 7.0846681267 -0.7883254977 -0.8229219417 0.7590586064 0.3278868387
0.5916942502 0.9456835756 -0.0005039956 0.0020447198 0.0078250917 0.0035051143 0.0041697215 -0.0018106736 -0.0011003613 -0.0002346797 -0.0002858676 0.0003326916 0.0001544407 0.0001115729 0.0004056399 0.0000621065 0.0001140718 -1.5947658184 0.7452686476 -0.1000673448 6.6466385963 5.0531276319 6.5741025048 -0.7585387018 -0.7765509828 0.7221696095 0.3046162417
0.5683469244 0.9356097106 -0.0008017271 0.0016876470 0.0090492340 0.0037893930 0.0047191035 -0.0021279228 -0.0012940504 -0.0002618399 -0.0003284956 0.0003850627 0.0001727522 0.0001302218 0.0004942916 0.0000701146 0.0001331851 -1.5064657122 0.7410499889 -0.0849125034 6.0432652967 4.8786593676 5.9818928258 -0.7280782720 -0.7327012973 0.6946008667 0.2914952553
0.5449995986 0.9244875489 -0.0011309860 0.0013521506 0.0103256420 0.0040906499 0.0053316888 -0.0024784129 -0.0014867610 -0.0002921895 -0.0003799900 0.0004451943 0.0001906679 0.0001505663 0.0005955600 0.0000784503 0.0001576391 -1.4187840802 0.7277339377 -0.0769174787 5.5857479269 4.6745372092 5.5411908373 -0.7040707254 -0.7022296319 0.6764619110 0.2788459842
0.5216522728 0.9123160716 -0.0015961102 0.0008929428 0.0116667241 0.0044204163 0.0060161305 -0.0028486461 -0.0016831983 -0.0003252910 -0.0004337850 0.0005108818 0.0002097089 0.0001678671 0.0007088651 0.0000883331 0.0001888942 -1.3356128656 0.7126605310 -0.0673164053 5.1981176852 4.5087884628 5.2101183711 -0.6820681990 -0.6687732556 0.6603413866 0.2591878937
0.4983049470 0.8990360886 -0.0020570692 0.0004149207 0.0130266254 0.0047439454 0.0066774380 -0.0032293102 -0.0018564424 -0.0003536924 -0.0004686591 0.0005624851 0.0002266148 0.0001825125 0.0008213038 0.0000975236 0.0002187719 -1.2476916196 0.6928643652 -0.0525625156 4.8275211241 4.3271220499 4.9034569848 -0.6539479330 -0.6167244612 0.6281241419 0.2402233712
0.4749576212 0.8845759821 -0.0024651900 -0.0001119449 0.0143997774 0.0050802161 0.0073096658 -0.0036351293 -0.0019865757 -0.0003777189 -0.0004960384 0.0006048636 0.0002427160 0.0001914379 0.0009304225 0.0001069517 0.0002526894 -1.1485634809 0.6710302656 -0.0461221249 4.4761566918 4.1434613166 4.7271568796 -0.6205898720 -0.5671307899 0.5907059784 0.2189196727
0.4516102954 0.8690355233 -0.0028436332 -0.0008375407 0.0157827374 0.0054423166 0.0080018227 -0.0040401236 -0.0020821977 -0.0004018994 -0.0005289606 0.0006413279 0.0002580932 0.0001972963 0.0010334855 0.0001172064 0.0002936336 -1.0482679906 0.6438685307 -0.0484575439 4.1365306186 3.9548880930 4.5826348477 -0.5885626883 -0.5272829451 0.5519597059 0.1966042194
0.4282629696 0.8527151452 -0.0033093562 -0.0013505962 0.0171898078 0.0057963067 0.0086900788 -0.0044157183 -0.0021696184 -0.0004189045 -0.0005510422 0.0006689185 0.0002684474 0.0002055164 0.0011449804 0.0001274797 0.0003260683 -0.9607217671 0.6089964149 -0.0217820600 3.8631355505 3.7897647927 4.3100931992 -0.5514453797 -0.4842185047 0.5118366886 0.1805588610
0.4049156438 0.8357776209 -0.0039516247 -0.0015103989 0.0185611889 0.0061552704 0.0094108324 -0.0047846666 -0.0022210237 -0.0004320321 -0.0005672945 0.0006856179 0.0002761818 0.0002084272 0.0012547984 0.0001396495 0.0003649720 -0.8768752907 0.5723525652 -0.0101880472 3.6329376553 3.6778123128 4.1154132363 -0.5152070843 -0.4428807966 0.4712690836 0.1627518657
0.3815683179 0.8181391783 -0.0044652660 -0.0014796066 0.0198972052 0.0065136959 0.0102252160 -0.0051878193 -0.0022457729 -0.0004374989 -0.0005847410 0.0007050637 0.0002847403 0.0002099026 0.0013635476 0.0001522135 0.0004158420 -0.7994732636 0.5412392019 0.0044214024 3.4391468207 3.5798862085 3.9755797386 -0.4761903639 -0.4061090417 0.4395461865 0.1456585728
0.3582209921 0.8001430079 -0.0047731925 -0.0017168194 0.0211330205 0.0068402286 0.0110662146 -0.0055854460 -0.0022344095 -0.0004355843 -0.0006020317 0.0007085872 0.0002870278 0.0002140109 0.0014564723 0.0001635211 0.0004732102 -0.7269954025 0.5065650248 0.0216513908 3.2585220427 3.4875011777 3.8635946819 -0.4378588040 -0.3747296348 0.4056734497 0.1329739153
0.3348736663 0.7816531320 -0.0049092840 -0.0022323407 0.0222738709 0.0071719582 0.0118092193 -0.0059869464 -0.0022033244 -0.0004356000 -0.0006016028 0.0007013771 0.0002955927 0.0002212951 0.0015472965 0.0001758151 0.0005260588 -0.6625478884 0.4858959143 0.0280959720 3.1164017400 3.4110828414 3.7703651995 -0.4067773157 -0.3417281208 0.3719375443 0.1254278885
0.3115263405 0.7625788869 -0.0050549061 -0.0025432327 0.0233513512 0.0075064608 0.0124975273 -0.0063638773 -0.0021502201 -0.0004298101 -0.0005925333 0.0006809800 0.0002951517 0.0002246399 0.0016406653 0.0001869852 0.0005664032 -0.6024965748 0.4534051851 0.0289973139 3.0071160810 3.3136715878 3.6237267758 -0.3745380711 -0.3106275679 0.3366267669 0.1177195887
0.2881790147 0.7429841562 -0.0050884932 -0.0026723788 0.0243770861 0.0078635321 0.0132215050 -0.0067179122 -0.0020600835 -0.0004214767 -0.0005661290 0.0006558574 0.0002950851 0.0002152240 0.0017268541 0.0002015809 0.0006099124 -0.5414323391 0.4230128562 0.0262854068 2.9053505725 3.2567734042 3.4848450164 -0.3433317997 -0.2743745683 0.3035129974 0.1042865475
0.2648316889 0.7232402821 -0.0050885898 -0.0026698399 0.0253123856 0.0081646334 0.0139814104 -0.0070103556 -0.0019449307 -0.0004040182 -0.0005477281 0.0006193850 0.0002881955 0.0002105381 0.0018089602 0.0002127545 0.0006709523 -0.4831567746 0.3903456209 0.0255924885 2.8234582132 3.1896508196 3.4270697703 -0.3112371113 -0.2459589279 0.2709891362 0.0946172081
0.2414843631 0.7034231051 -0.0051869400 -0.0027679820 0.0261537975 0.0084100422 0.0146487715 -0.0072563845 -0.0018440952 -0.0003796875 -0.0005145154 0.0005811536 0.0002735331 0.0002088805 0.0019007477 0.0002206796 0.0007266976 -0.4361019102 0.3542625930 0.0311002340 2.7788537340 3.1188573251 3.3818472670 -0.2793301020 -0.2168201504 0.2425204118 0.0881351441
0.2181370373 0.6834249083 -0.0053036915 -0.0031163989 0.0268530973 0.0086404450 0.0152618086 -0.0074695912 -0.0017364396 -0.0003456278 -0.0004484654 0.0005435421 0.0002529474 0.0001959925 0.0019762342 0.0002296100 0.0007829773 -0.3945034416 0.3145722341 0.0449085600 2.7400933472 3.0737662022 3.3558922987 -0.2441987620 -0.1788788427 0.2179157641 0.0781817201
0.1947897115 0.6630444453 -0.0053759012 -0.0034669344 0.0274772571 0.0088350783 0.0157920590 -0.0076348705 -0.0015998852 -0.0003118775 -0.0003883021 0.0004910334 0.0002279648 0.0001789574 0.0020480120 0.0002373184 0.0008232231 -0.3510590215 0.2743139475 0.0381706470 2.7119584085 3.0380230081 3.2950201651 -0.2130172686 -0.1477533103 0.1901925435 0.0681122419
0.1714423857 0.6420800100 -0.0052730094 -0.0035803568 0.0280854531 0.0089931604 0.0162404224 -0.0078059408 -0.0014436858 -0.0002787299 -0.0003356044 0.0004199508 0.0002058628 0.0001525253 0.0021227938 0.0002427585 0.0008564071 -0.3066379179 0.2414303639 0.0383218634 2.6908125123 3.0012243237 3.2424101660 -0.1849965497 -0.1227575282 0.1577421514 0.0558306246
0.1480950599 0.6207421653 -0.0050592000 -0.0039018317 0.0285940532 0.0091270756 0.0165516494 -0.0079564621 -0.0012835495 -0.0002431538 -0.0002558498 0.0003504267 0.0001895000 0.0001026991 0.0021920253 0.0002470195 0.0008756048 -0.2654033251 0.2173855661 0.0472767483 2.6808776370 2.9651452229 3.1925334052 -0.1575425536 -0.0909899955 0.1283189631 0.0365582439
0.1247477341 0.5992483821 -0.0048113274 -0.0044001569 0.0289917683 0.0092332584 0.0166793774 -0.0080639514 -0.0011254846 -0.0001984240 -0.0001949646 0.0002762498 0.0001694334 0.0000664661 0.0022482605 0.0002509866 0.0008824474 -0.2278437398 0.1907711330 0.0424797516 2.6745916688 2.9439280330 3.1693011024 -0.1261367528 -0.0684384122 0.0991429380 0.0233908822
0.1014004083 0.5776005899 -0.0047189802 -0.0049599531 0.0293108955 0.0093153714 0.0167964488 -0.0081917293 -0.0009621862 -0.0001441754 -0.0001489219 0.0002007500 0.0001371419 0.0000522741 0.0022832419 0.0002543621 0.0008883678 -0.1915427050 0.1522989671 0.0343603188 2.6574234590 2.9306168729 3.1462951962 -0.0903435691 -0.0516788847 0.0709417450 0.0181426645
0.0780530825 0.5558504870 -0.0044888224 -0.0054381043 0.0295845555 0.0094074887 0.0169170582 -0.0083212470 -0.0007971728 -0.0001001516 -0.0001016378 0.0001378597 0.0001020351 0.0000279986 0.0023105565 0.0002594381 0.0008897257 -0.1565327465 0.1117810006 0.0216045820 2.6397744519 2.9310978893 3.1062380294 -0.0619349480 -0.0347269640 0.0480642960 0.0094765921
0.0547057567 0.5340893389 -0.0042705224 -0.0057371946 0.0297961790 0.0094626401 0.0169704517 -0.0083836132 -0.0006336673 -0.0000646230 -0.0000752166 0.0000769070 0.0000785609 0.0000042710 0.0023281722 0.0002633668 0.0008955741 -0.1232267719 0.0854918133 0.0296664785 2.6222315949 2.9412526050 3.1051610697 -0.0396649372 -0.0254732484 0.0265659802 0.0013429259
0.0313584309 0.5124968293 -0.0038442769 -0.0059752324 0.0298252762 0.0094393149 0.0170064659 -0.0083342388 -0.0004433452 -0.0000226213 -0.0000377397 0.0000131483 0.0000558398 -0.0000203284 0.0023385183 0.0002631019 0.0008979925 -0.0860871155 0.0610481486 0.0392805534 2.6285226698 2.9524796833 3.0990285131 -0.0141109188 -0.0126903941 0.0046555418 -0.0069805383
0.0080111051 0.4910223429 -0.0033727176 -0.0062296881 0.0298108817 0.0093701518 0.0170261032 -0.0082470186 -0.0002343911 0.0000193165 0.0000072049 -0.0000477633 0.0000268087 -0.0000385901 0.0023423555 0.0002595044 0.0009085730 -0.0454406336 0.0297736786 0.0371777325 2.6349698756 2.9534388969 3.1313905573 0.0117564784 0.0025880813 -0.0165126174 -0.0131325513
-0.0153362208 0.4696980561 -0.0027562800 -0.0064367955 0.0297226095 0.0092728678 0.0168902574 -0.0081566327 -0.0000458550 0.0000551484 0.0000612975 -0.0001089440 -0.0000058171 -0.0000491650 0.0023277827 0.0002534530 0.0008974455 -0.0088140670 -0.0059410536 0.0275584834 2.6338609306 2.9427715017 3.1450106899 0.0343338347 0.0210485782 -0.0381468741 -0.0168491430
-0.0386835466 0.4484642834 -0.0021787650 -0.0066262199 0.0295084233 0.0091516781 0.0167588200 -0.0080357183 0.0001091511 0.0000927791 0.0001152377 -0.0001681199 -0.0000414564 -0.0000694014 0.0022889634 0.0002476355 0.0008840122 0.0216840842 -0.0469446784 0.0344805489 2.6279897433 2.9522489313 3.1474102533 0.0588694749 0.0400167970 -0.0596116138 -0.0240967275
-0.0620308724 0.4275450269 -0.0018914809 -0.0069651553 0.0291307444 0.0089957447 0.0165919333 -0.0078844553 0.0002782715 0.0001235427 0.0001725215 -0.0002170260 -0.0000624339 -0.0000931433 0.0022313265 0.0002398485 0.0008682283 0.0560242307 -0.0732228549 0.0311409609 2.6289711527 2.9608539485 3.1517746577 0.0804509888 0.0609642255 -0.0785833645 -0.0328696618
-0.0853781982 0.4070332543 -0.0018241026 -0.0072385113 0.0287256690 0.0088663524 0.0162895285 -0.0077364999 0.0004815426 0.0001533993 0.0002257697 -0.0002717251 -0.0000846073 -0.0001082815 0.0021830400 0.0002334795 0.0008421905 0.0989259473 -0.1019113910 0.0265598931 2.6450421748 2.9677586370 3.1717322376 0.1022549263 0.0819457747 -0.1005001418 -0.0392651847
-0.1087255240 0.3870360578 -0.0016650375 -0.0071458876 0.0281963745 0.0087513029 0.0158763675 -0.0075550630 0.0006969922 0.0001808961 0.0002695245 -0.0003252879 -0.0001050438 -0.0001133940 0.0021253965 0.0002289060 0.0007999918 0.1472393401 -0.1293836582 0.0114950255 2.6727404429 2.9864960388 3.1725047482 0.1233832554 0.1009734069 -0.1233752981 -0.0424291247
-0.1320728498 0.3673408173 -0.0015127969 -0.0070266731 0.0275634306 0.0086550879 0.0153883325 -0.0073577766 0.0008748739 0.0002023080 0.0003097590 -0.0003672443 -0.0001202902 -0.0001124754 0.0020518498 0.0002271973 0.0007513697 0.1914024126 -0.1507964639 0.0137155789 2.7003651127 3.0307315673 3.1715324584 0.1414175193 0.1209856014 -0.1433913389 -0.0438693585
-0.1554201756 0.3477118704 -0.0012471780 -0.0074215620 0.0268753748 0.0084706133 0.0148471040 -0.0071433028 0.0009935322 0.0002211960 0.0003304273 -0.0004026372 -0.0001327765 -0.0001175874 0.0019632707 0.0002185314 0.0007121511 0.2259717328 -0.1717596294 0.0155871169 2.7179595697 3.0428286543 3.2299094802 0.1600403169 0.1357096899 -0.1631601618 -0.0483938149
-0.1787675014 0.3281768686 -0.0008728520 -0.0076645766 0.0261869276 0.0082266992 0.0142160696 -0.0069236866 0.0010907600 0.0002463911 0.0003634216 -0.0004355451 -0.0001496766 -0.0001270148 0.0018769742 0.0002079606 0.0006632135 0.2581880557 -0.2015153243 0.0029775393 2.7371556053 3.0687804454 3.2787413807 0.1856917559 0.1581957875 -0.1838544124 -0.0554934467
-0.2021148272 0.3089205155 -0.0003725002 -0.0077618529 0.0254937281 0.0079830960 0.0136786749 -0.0066712909 0.0011989711 0.0002708370 0.0004085950 -0.0004660719 -0.0001601736 -0.0001496822 0.0017960235 0.0001987492 0.0006248262 0.2955168267 -0.2253265887 -0.0011985145 2.7636015060 3.1131147038 3.3350077080 0.2131593697 0.1875588864 -0.2052219973 -0.0686234194
-0.2254621530 0.2901347323 -0.0001967527 -0.0077831856 0.0247622568 0.0077754258 0.0131352918 -0.0064306939 0.0013042789 0.0002925994 0.0004275938 -0.0004984377 -0.0001699327 -0.0001636629 0.0017139069 0.0001915934 0.0005872267 0.3360125979 -0.2494746051 0.0015983446 2.7956502831 3.1635729136 3.3942267826 0.2402969243 0.2073696338 -0.2292479930 -0.0790893580
-0.2488094788 0.2718600780 -0.0001444596 -0.0078725387 0.0239793731 0.0075742301 0.0125866632 -0.0062086774 0.0014177957 0.0003135241 0.0004420894 -0.0005316142 -0.0001858757 -0.0001643738 0.0016296051 0.0001845753 0.0005515013 0.3831376261 -0.2838942912 0.0016498418 2.8345749809 3.2132523890 3.4661229537 0.2687782600 0.2272049319 -0.2559006045 -0.0842249353
-0.2721568046 0.2537527015 0.0001820121 -0.0078751687 0.0231538535 0.0073421254 0.0120241991 -0.0059589573 0.0015115718 0.0003328708 0.0004612739 -0.0005587784 -0.0001923689 -0.0001632666 0.0015364481 0.0001772829 0.0005076550 0.4302797873 -0.3077664584 -0.0081393838 2.8660087295 3.2849202142 3.4951825281 0.2997019588 0.2531917648 -0.2828544284 -0.0889052337
-0.2955041304 0.2359189121 0.0007050352 -0.0075810710 0.0222263578 0.0070847828 0.0113670464 -0.0056785230 0.0015778532 0.0003457595 0.0004798288 -0.0005730898 -0.0001996319 -0.0001605530 0.0014447976 0.0001684467 0.0004581159 0.4776681875 -0.3373842214 -0.0282633928 2.9248432356 3.3524826391 3.5347443194 0.3297745951 0.2848149273 -0.3077877439 -0.0945430872
-0.3188514562 0.2185307686 0.0010763663 -0.0072887796 0.0211884589 0.0068109888 0.0107405643 -0.0053764400 0.0016099847 0.0003544632 0.0004878362 -0.0005822311 -0.0002052571 -0.0001570156 0.0013486243 0.0001585848 0.0004165799 0.5235672369 -0.3671542905 -0.0475182358 3.0037257850 3.4161034915 3.6006370014 0.3601048133 0.3134844697 -0.3347207849 -0.1002898570
-0.3421987820 0.2016156239 0.0014211053 -0.0073430138 0.0201602323 0.0065333821 0.0100839119 -0.0050929497 0.0016332205 0.0003585070 0.0004816856 -0.0005862004 -0.0002098192 -0.0001570850 0.0012607910 0.0001485151 0.0003807231 0.5721218649 -0.3981389788 -0.0634803368 3.1019668355 3.4763668826 3.7307052884 0.3886860172 0.3377637450 -0.3614173888 -0.1099622772
-0.3655461078 0.1851654547 0.0017463037 -0.0075233113 0.0191646167 0.0062573587 0.0094451706 -0.0048170455 0.0016561805 0.0003634335 0.0004761110 -0.0005909945 -0.0002151821 -0.0001570075 0.0011726424 0.0001408681 0.0003425120 0.6258974141 -0.4347849649 -0.0613114669 3.1932527461 3.5894158394 3.8195712274 0.4216071618 0.3659013197 -0.3913697134 -0.1208114675
-0.3888934336 0.1691280201 0.0020064707 -0.0074642824 0.0180992830 0.0059740815 0.0088126705 -0.0045230962 0.0016488931 0.0003629338 0.0004570845 -0.0005838086 -0.0002185687 -0.0001600731 0.0010745803 0.0001314753 0.0003070669 0.6788509759 -0.4735537322 -0.0533351554 3.2803909740 3.6748805309 3.9345583612 0.4539446268 0.3889755459 -0.4188611482 -0.1361174740
-0.4122407594 0.1534691042 0.0023354275 -0.0073310288 0.0169167331 0.0056871671 0.0081670765 -0.0042301832 0.0016136607 0.0003559347 0.0004328120 -0.0005658974 -0.0002157191 -0.0001536763 0.0009760448 0.0001217513 0.0002727909 0.7350576088 -0.5040049721 -0.0539397895 3.4096462986 3.7583902740 4.0774887054 0.4835119289 0.4119761237 -0.4451211185 -0.1461215135
-0.4355880853 0.1382477915 0.0028360590 -0.0071043853 0.0156976650 0.0053866370 0.0075939619 -0.0039209586 0.0015662025 0.0003428481 0.0004139770 -0.0005431083 -0.0002099598 -0.0001414091 0.0008826331 0.0001125661 0.0002413697 0.7982375609 -0.5333711000 -0.0603378603 3.5781442427 3.8754511598 4.1887458208 0.5100714752 0.4389837381 -0.4728411986 -0.1499021431
-0.4589354111 0.1237848018 0.0033068322 -0.0067063120 0.0145041044 0.0051090161 0.0070325620 -0.0036100321 0.0015019148 0.0003314608 0.0003891926 -0.0005165521 -0.0002079256 -0.0001387138 0.0007900707 0.0001052249 0.0002153277 0.8632463233 -0.5727916193 -0.0967520831 3.7570533251 4.0296324508 4.3541167903 0.5412411031 0.4628967336 -0.5000929162 -0.1644637548
-0.4822827369 0.1100515151 0.0036844606 -0.0063074665 0.0133522858 0.0048153326 0.0064537255 -0.0032951318 0.0014245359 0.0003165598 0.0003578294 -0.0004890144 -0.0002004879 -0.0001338790 0.0007064026 0.0000964214 0.0001929478 0.9290883254 -0.6043143453 -0.1062689345 3.9735632378 4.1608365459 4.6249529495 0.5726109720 0.4848353247 -0.5306911356 -0.1803843475
-0.5056300627 0.0969972891 0.0039826337 -0.0060074513 0.0121956888 0.0045033347 0.0058810232 -0.0029820472 0.0013325769 0.0002970873 0.0003270581 -0.0004584958 -0.0001929776 -0.0001253765 0.0006280297 0.0000867324 0.0001665547 0.9969564607 -0.6434181342 -0.1053418840 4.2389488056 4.2807820748 4.8109903577 0.6021541392 0.5100874086 -0.5646391055 -0.1938389676
-0.5289773885 0.0845574310 0.0044849934 -0.0057491498 0.0110044513 0.0041832610 0.0053089895 -0.0026605966 0.0012220362 0.0002732909 0.0003036440 -0.0004179665 -0.0001782055 -0.0001159354 0.0005486112 0.0000773270 0.0001390366 1.0684399446 -0.6643487488 -0.0984745177 4.5578461072 4.4257354164 4.9350587264 0.6279192448 0.5507455246 -0.5934291518 -0.2098212798
-0.5523247143 0.0729675595 0.0050425049 -0.0052913600 0.0098390478 0.0038787893 0.0047673002 -0.0023341703 0.0011027562 0.0002481986 0.0002722302 -0.0003792893 -0.0001631879 -0.0001031868 0.0004745137 0.0000694755 0.0001188838 1.1419579639 -0.6794115294 -0.1190094998 4.9449801771 4.6178470741 5.2274613535 0.6509582949 0.5796356349 -0.6273379615 -0.2199220023
-0.5756720401 0.0624057120 0.0055473320 -0.0046531333 0.0087401979 0.0035716036 0.0042416439 -0.0020178639 0.0009742152 0.0002233043 0.0002345076 -0.0003379953 -0.0001491526 -0.0000906115 0.0004039052 0.0000621564 0.0001004126 1.2039400104 -0.7011725196 -0.1337740830 5.3364019952 4.8618312790 5.5708367742 0.6748313014 0.5944471484 -0.6560315089 -0.2304128534
-0.5990193659 0.0529713860 0.0060463403 -0.0039844643 0.0077655737 0.0032631431 0.0037583531 -0.0017362104 0.0008579635 0.0001982943 0.0002017993 -0.0002998054 -0.0001327862 -0.0000805943 0.0003474679 0.0000542351 0.0000821947 1.2616514144 -0.7138674005 -0.1450812508 5.7983801838 5.0776341342 5.7679460158 0.6932826484 0.6102317272 -0.6824034404 -0.2452651730
-0.6223666917 0.0445517426 0.0064076691 -0.0032901870 0.0069225800 0.0029604184 0.0033180295 -0.0014943611 0.0007563807 0.0001754464 0.0001721023 -0.0002642785 -0.0001180734 -0.0000725400 0.0003032671 0.0000468478 0.0000675842 1.3117816335 -0.7309809115 -0.1568906383 6.3221996500 5.3085000336 6.0720785422 0.7106698669 0.6198757396 -0.7021794450 -0.2644244614
-0.6457140175 0.0369236845 0.0066892955 -0.0025969511 0.0061464201 0.0026735746 0.0029249696 -0.0012757361 0.0006438552 0.0001535300 0.0001470650 -0.0002283282 -0.0001071175 -0.0000654764 0.0002553540 0.0000406088 0.0000572041 1.3224420256 -0.7673582659 -0.1714296666 6.7027824343 5.6105224136 6.5973338081 0.7245635019 0.6350560575 -0.7135118608 -0.2863533361
-0.6690613433 0.0301674851 0.0068799520 -0.0020820645 0.0054169077 0.0024181164 0.0025758941 -0.0010767151 0.0005264082 0.0001333759 0.0001202223 -0.0001936776 -0.0000973311 -0.0000563101 0.0002092657 0.0000354695 0.0000476663 1.2982330589 -0.8075362341 -0.1966953463 7.0283569493 5.9577995191 7.0648993481 0.7367151258 0.6251236634 -0.7203885179 -0.2976648316
-0.6924086691 0.0243861850 0.0070798926 -0.0018022300 0.0047487394 0.0021852816 0.0022646017 -0.0008953108 0.0004179220 0.0001160514 0.0000954936 -0.0001621633 -0.0000847342 -0.0000469568 0.0001692396 0.0000306654 0.0000376306 1.2422408238 -0.8166639144 -0.2345431703 7.3161906459 6.2814969636 7.2091091366 0.7548045312 0.5987307127 -0.7213789081 -0.3026443651
-0.7157559949 0.0194648652 0.0072892896 -0.0015382095 0.0041815010 0.0019679713 0.0019907970 -0.0007393716 0.0003251779 0.0000998312 0.0000742465 -0.0001360725 -0.0000739514 -0.0000383574 0.0001354789 0.0000265691 0.0000295116 1.1474875534 -0.8279058970 -0.2483789328 7.4352055539 6.6513512226 7.3151102216 0.7601223900 0.5601123831 -0.7160979794 -0.3014541524
-0.7391033207 0.0152545418 0.0074581360 -0.0011413548 0.0037029191 0.0017677294 0.0017590239 -0.0005972570 0.0002445231 0.0000827879 0.0000570645 -0.0001104808 -0.0000649896 -0.0000326432 0.0001052739 0.0000229212 0.0000241413 1.0120752319 -0.8489286091 -0.2110984606 7.2926549983 7.0833892992 7.6463512168 0.7380376221 0.5070624132 -0.6847989269 -0.3067759953
-0.7624506465 0.0117095095 0.0075702339 -0.0007573792 0.0032858664 0.0015843009 0.0015631372 -0.0004757025 0.0001769667 0.0000670019 0.0000405775 -0.0000879667 -0.0000567864 -0.0000276893 0.0000813470 0.0000194904 0.0000193047 0.8576265431 -0.8722532630 -0.1345714651 7.1312203160 7.4870237010 7.6715565219 0.7048445188 0.4141344808 -0.6452624164 -0.3052431589
-0.7857979723 0.0087465551 0.0076678730 -0.0005159885 0.0029372765 0.0014164784 0.0013830205 -0.0003705503 0.0001215948 0.0000538122 0.0000287431 -0.0000687587 -0.0000483979 -0.0000232686 0.0000620169 0.0000164236 0.0000161674 0.6879361395 -0.8790706115 -0.1542386041 6.8346492544 7.9252968082 8.0573347746 0.6699872091 0.3380874142 -0.5960347558 -0.3019781622
-0.8091452981 0.0063749548 0.0077065804 -0.0004635999 0.0026555106 0.0012655106 0.0012301826 -0.0002846641 0.0000767634 0.0000420268 0.0000196635 -0.0000520166 -0.0000396017 -0.0000186532 0.0000467245 0.0000136213 0.0000126540 0.5016938743 -0.8507750015 -0.1833347857 6.3811202192 8.2764530409 7.9521375336 0.6194154679 0.2641253850 -0.5307722986 -0.2875788114
-0.8324926240 0.0044569892 0.0076896622 -0.0004759051 0.0024116633 0.0011287010 0.0010988350 -0.0002153060 0.0000389302 0.0000320798 0.0000120077 -0.0000373057 -0.0000331182 -0.0000144300 0.0000338349 0.0000115237 0.0000094588 0.2870253083 -0.8356942508 -0.1720687687 5.6880316642 8.7481590329 7.4117888253 0.5598307110 0.1756253186 -0.4482124478 -0.2602869216
-0.8558399498 0.0029130865 0.0076478367 -0.0004685586 0.0022160139 0.0009993530 0.0009773533 -0.0001583209 0.0000115677 0.0000237189 0.0000051949 -0.0000263398 -0.0000272706 -0.0000107866 0.0000248846 0.0000095578 0.0000074015 0.0778224906 -0.8194435786 -0.1455931296 4.9692056151 9.2047668146 7.3670355242 0.4881924465 0.0742679692 -0.3674841737 -0.2231412615
-0.8791872756 0.0016997829 0.0075997054 -0.0003521773 0.0020678362 0.0008844538 0.0008771808 -0.0001129168 -0.0000062849 0.0000168146 0.0000006531 -0.0000188743 -0.0000221955 -0.0000086077 0.0000194476 0.0000077720 0.0000058160 -0.0969079758 -0.7989341274 -0.2110094070 4.4648679437 9.4720202515 7.2418493558 0.4008787569 -0.0144810393 -0.2987491859 -0.2055555613
-0.9025346014 0.0007766152 0.0075937479 -0.0002161325 0.0019597946 0.0007849369 0.0007951947 -0.0000776114 -0.0000154681 0.0000114484 -0.0000020154 -0.0000146603 -0.0000173086 -0.0000071205 0.0000164809 0.0000061769 0.0000046992 -0.2053342007 -0.7471787099 -0.2050950397 4.2216143574 9.5741287176 7.1778406534 0.3136198804 -0.0809159558 -0.2574550654 -0.1900811139
-0.9258819272 0.0000747391 0.0075813859 -0.0001292753 0.0018804637 0.0007019954 0.0007261675 -0.0000487367 -0.0000202705 0.0000075932 -0.0000042620 -0.0000121103 -0.0000134894 -0.0000052223 0.0000144511 0.0000049096 0.0000036777 -0.2704570947 -0.6936611316 -0.1347019581 4.0457798179 9.6198046686 6.7075126833 0.2378858360 -0.1509231454 -0.2338621907 -0.1548007696
-0.9492292530 -0.0003731729 0.0075477561 -0.0000261241 0.0018215708 0.0006306328 0.0006639191 -0.0000267802 -0.0000240625 0.0000051402 -0.0000061140 -0.0000105048 -0.0000103501 -0.0000033258 0.0000129516 0.0000039356 0.0000026618 -0.3296417658 -0.6306566394 -0.0891581199 3.8839373396 9.6797766273 5.8639636015 0.1856623589 -0.2292552073 -0.2202659670 -0.1103807960
-0.9725765788 -0.0006035865 0.0074958305 0.0000335320 0.0017709360 0.0005657162 0.0006131223 -0.0000130532 -0.0000279314 0.0000036938 -0.0000067357 -0.0000091389 -0.0000080080 -0.0000022249 0.0000116078 0.0000032320 0.0000020746 -0.3950226722 -0.5786468293 -0.0857032276 3.6797505974 9.9019958139 5.5096002274 0.1537376078 -0.2712566239 -0.2062325084 -0.0819045476
-0.9959239046 -0.0006635822 0.0074083506 0.0000328282 0.0017248805 0.0005078571 0.0005726274 -0.0000059299 -0.0000303010 0.0000029392 -0.0000066058 -0.0000078147 -0.0000062674 -0.0000014949 0.0000105442 0.0000027019 0.0000017811 -0.4430255691 -0.5361999503 -0.0541801033 3.5141303881 10.2181730811 5.5507302424 0.1392536445 -0.2843374735 -0.1901922939 -0.0601450596
-1.0192712304 -0.0006478764 0.0072765713 0.0000196798 0.0016843612 0.0004584632 0.0005430119 0.0000015490 -0.0000322719 0.0000021570 -0.0000062078 -0.0000065454 -0.0000048279 -0.0000009634 0.0000095655 0.0000022110 0.0000015406 -0.4868766097 -0.4879655048 -0.0532844882 3.3400133654 10.3012664541 5.3518529791 0.1146665169 -0.2861269475 -0.1704945999 -0.0412967883
-1.0426185562 -0.0006312852 0.0071414512 0.0000796131 0.0016499808 0.0004185402 0.0005210307 0.0000089903 -0.0000339788 0.0000013370 -0.0000062701 -0.0000056027 -0.0000036197 -0.0000006959 0.0000086471 0.0000017453 0.0000012961 -0.5273950742 -0.4285304319 -0.0748349216 3.1448024622 9.9279959916 4.7845248931 0.0799579234 -0.3068155645 -0.1545710731 -0.0307575809
-1.0659658820 -0.0006091321 0.0070406658 0.0001783228 0.0016190979 0.0003859936 0.0004993293 0.0000141962 -0.0000345778 0.0000006299 -0.0000062379 -0.0000050356 -0.0000025316 -0.0000005321 0.0000079469 0.0000013473 0.0000011267 -0.5514549761 -0.3458574911 -0.0731199423 3.0043192232 9.1491161489 4.4786865857 0.0444680066 -0.3214861292 -0.1468513271 -0.0247999209
-1.0893132078 -0.0005336166 0.0069507096 0.0002995189 0.0015904829 0.0003578296 0.0004805894 0.0000175845 -0.0000348713 0.0000001606 -0.0000059208 -0.0000045783 -0.0000016670 -0.0000003431 0.0000073905 0.0000010655 0.0000011042 -0.5684025601 -0.2591375437 -0.1042019615 2.9084562171 8.4763216471 4.9053675250 0.0152912040 -0.3160919804 -0.1412058956 -0.0166338743
-1.1126605336 -0.0004233628 0.0068360731 0.0003869161 0.0015637229 0.0003307285 0.0004646822 0.0000191370 -0.0000352161 -0.0000001549 -0.0000058061 -0.0000040322 -0.0000008332 -0.0000001552 0.0000069593 0.0000008380 0.0000010174 -0.5860753606 -0.1449310358 -0.0893751582 2.8459631612 7.8200988887 4.8374930713 -0.0092178292 -0.3228708704 -0.1314647142 -0.0065880348
-1.1360078594 -0.0002615849 0.0066913162 0.0003957843 0.0015378880 0.0003056661 0.0004502042 0.0000193714 -0.0000354345 -0.0000004051 -0.0000059747 -0.0000036300 -0.0000002169 -0.0000001453 0.0000066284 0.0000006147 0.0000008601 -0.6025752429 -0.0423737218 -0.0922699336 2.8102104096 6.5897491711 4.2426095716 -0.0338537184 -0.3468731351 -0.1262095169 -0.0089738235
-1.1593551852 -0.0000567181 0.0065590801 0.0003658635 0.0015158254 0.0002857794 0.0004367134 0.0000190759 -0.0000355260 -0.0000005113 -0.0000059914 -0.0000033606 0.0000001492 -0.0000000773 0.0000063864 0.0000004784 0.0000007824 -0.6157183607 0.0356272967 -0.1085816265 2.7933056509 5.7563662429 4.1079050177 -0.0458235396 -0.3601352027 -0.1240185905 -0.0053280943
-1.1827025110 0.0001494624 0.0064371456 0.0003597944 0.0014962613 0.0002694671 0.0004250760 0.0000192019 -0.0000355463 -0.0000005247 -0.0000059296 -0.0000031792 0.0000003175 -0.0000000279 0.0000062275 0.0000003985 0.0000007404 -0.6271527063 0.0787850248 -0.0816548022 2.8004052819 5.3304043916 4.0841868558 -0.0506801096 -0.3685632442 -0.1230291767 -0.0019658398
-1.2060498368 0.0003282398 0.0063363826 0.0003710483 0.0014784855 0.0002560447 0.0004147092 0.0000199248 -0.0000353573 -0.0000005349 -0.0000057585 -0.0000030848 0.0000005100 0.0000000791 0.0000061000 0.0000003339 0.0000007021 -0.6343883188 0.1268782063 -0.0985168379 2.8102394901 4.9253740761 4.0468325116 -0.0549557567 -0.3695683341 -0.1238977008 0.0050063226
-1.2293971626 0.0004942635 0.0062397160 0.0004161611 0.0014619977 0.0002436827 0.0004058317 0.0000198158 -0.0000350894 -0.0000005602 -0.0000055976 -0.0000031008 0.0000006670 0.0000001224 0.0000059735 0.0000002806 0.0000006772 -0.6399087247 0.1749013005 -0.0980127775 2.8138780245 4.5787867518 4.0909892136 -0.0609919554 -0.3694770842 -0.1292134882 0.0079674986
-1.2527444885 0.0006814301 0.0061418005 0.0004815701 0.0014451979 0.0002323161 0.0003978855 0.0000180753 -0.0000348413 -0.0000005306 -0.0000053869 -0.0000030700 0.0000007451 0.0000001302 0.0000058600 0.0000002440 0.0000006436 -0.6462247469 0.2067036452 -0.1011767419 2.8240777437 4.3694698684 4.0579717696 -0.0603089673 -0.3646836969 -0.1322092843 0.0083481217
-1.2760918143 0.0008623041 0.0060580040 0.0005175440 0.0014308784 0.0002226381 0.0003920733 0.0000157660 -0.0000346409 -0.0000004792 -0.0000052694 -0.0000029800 0.0000007967 0.0000000893 0.0000057876 0.0000002192 0.0000006324 -0.6516050468 0.2328488409 -0.0885116626 2.8448325061 4.2656004155 4.1161488340 -0.0564507210 -0.3634889813 -0.1315982181 0.0059162245
-1.2994391401 0.0010268451 0.0059666802 0.0005553967 0.0014182902 0.0002136860 0.0003870536 0.0000153552 -0.0000344367 -0.0000004200 -0.0000052381 -0.0000029692 0.0000008421 0.0000000988 0.0000057207 0.0000001994 0.0000006255 -0.6557856903 0.2604657001 -0.0544288014 2.8621324863 4.2166932970 4.1728288672 -0.0509895363 -0.3668784588 -0.1345287973 0.0062607787
-1.3227864659 0.0011724405 0.0058748303 0.0006152661 0.0014050417 0.0002057839 0.0003812709 0.0000157526 -0.0000340146 -0.0000004389 -0.0000052374 -0.0000029875 0.0000008469 0.0000001792 0.0000056258 0.0000001852 0.0000005932 -0.6563443688 0.2776477496 -0.0583600048 2.8652025296 4.2018701029 4.0605546625 -0.0548666109 -0.3736785935 -0.1387818149 0.0118925976
-1.3461337917 0.0013259094 0.0057740613 0.0006578926 0.0013943631 0.0001990736 0.0003754449 0.0000168505 -0.0000335305 -0.0000004528 -0.0000051715 -0.0000030187 0.0000008045 0.0000002210 0.0000055395 0.0000001745 0.0000005602 -0.6540672665 0.2810425369 -0.0885107977 2.8616748092 4.2243605798 3.9399851337 -0.0576600461 -0.3761078777 -0.1427298860 0.0148285339
-1.3694811175 0.0015166652 0.0056656410 0.0006250584 0.0013861295 0.0001935394 0.0003730704 0.0000179590 -0.0000332776 -0.0000004670 -0.0000051144 -0.0000030434 0.0000007237 0.0000002297 0.0000054786 0.0000001707 0.0000005479 -0.6543847431 0.2688071182 -0.0967696000 2.8644800303 4.4241061527 3.9058967302 -0.0605914329 -0.3745032726 -0.1468680328 0.0154509895
-1.3928284433 0.0017006491 0.0055618818 0.0005273330 0.0013790841 0.0001895516 0.0003745395 0.0000181089 -0.0000331868 -0.0000005264 -0.0000050968 -0.0000030387 0.0000007040 0.0000001955 0.0000054304 0.0000001680 0.0000005485 -0.6573504149 0.2721303587 -0.0862099619 2.8700363798 4.5432529570 3.9147302079 -0.0707039232 -0.3735630968 -0.1496611211 0.0127180297
-1.4161757691 0.0018557160 0.0054894760 0.0004800987 0.0013714389 0.0001866218 0.0003780039 0.0000177012 -0.0000332507 -0.0000005681 -0.0000051976 -0.0000029726 0.0000007161 0.0000002052 0.0000053975 0.0000001594 0.0000005698 -0.6645623566 0.2832678680 -0.0694198395 2.8867259916 4.3408202337 4.0020101316 -0.0792027867 -0.3793797585 -0.1485164480 0.0132305196
-1.4395230949 0.0019870705 0.0054165467 0.0005367253 0.0013622211 0.0001843723 0.0003848112 0.0000168966 -0.0000332163 -0.0000005900 -0.0000053383 -0.0000029695 0.0000007478 0.0000002421 0.0000053525 0.0000001576 0.0000006027 -0.6710007023 0.2993377640 -0.0492117104 2.9029815785 4.3466290198 4.0434571406 -0.0834231971 -0.3829863628 -0.1497434680 0.0163199037
