# Kim, K. U., Elliott, G. S., and Dutton, J. C., “A Three-Dimensional Experimental Study of Compressibility Effects on Turbulent Free Shear Layers,” AIAA Aviation Conference, Atlanta, GA, 2018.
# This work was funded by the NASA Aeronautics Mission Directorate's Transformative Aeronautics Concepts Program, Transformational Tools and Technologies Project; Grant Number NNX15AU94A.
VARIABLES = "(y-y0)/b", "(U-U2)/dU", "V/dU", "W/dU", "<u'^2>/dU^2", "<v'^2>/dU^2", "<w'^2>/dU^2", "<u'v'>/dU^2", "<u'^3>/dU^3", "<u'v'^2>/dU^3", "<u'w'^2>/dU^3", "<v'u'^2>/dU^3", "<v'^3>/dU^3", "<v'w'^2>/dU^3", "<u'^4>/dU^4", "<v'^4>/dU^4", "<w'^4>/dU^4", "u_skewness", "v_skewness", "w_skewness", "u_kurtosis", "v_kurtosis", "w_kurtosis", "<u'v'^2>/(<u'^2>^(1/2)<v'^2>)", "<u'w'^2>/(<u'^2>^(1/2)<w'^2>)", "<v'u'^2>/(<v'^2>^(1/2)<u'^2>)", "<v'w'^2>/(<v'^2>^(1/2)<w'^2>)"
ZONE T="Frame 0", I=243, J=1, F=POINT
0.9268386864 1.0034359306 -0.0066490891 -0.0096285792 0.0039305797 0.0023148935 0.0055259797 -0.0004533643 0.0000926991 -0.0000053807 0.0000536384 0.0000106392 0.0001031952 0.0000369423 0.0000529141 0.0000321478 0.0001427423 0.3746334736 0.9283363134 0.0128991780 3.4251399829 5.9937686221 4.5348388098 -0.0346554332 0.1543440762 0.0582315779 0.1081446009
0.9180875756 1.0035272461 -0.0060955881 -0.0095052489 0.0040485622 0.0024494223 0.0057027051 -0.0005002442 0.0000970192 -0.0000085014 0.0000620319 0.0000103145 0.0001146434 0.0000401931 0.0000558797 0.0000361567 0.0001508669 0.3778285557 0.9503588072 -0.0098495337 3.4030784476 6.0385199663 4.3939593306 -0.0490305165 0.1715122770 0.0525967416 0.1094582973
0.9093364647 1.0033655386 -0.0058652129 -0.0096759295 0.0041024377 0.0025184312 0.0056936564 -0.0005166249 0.0000988040 -0.0000090983 0.0000638677 0.0000118204 0.0001229890 0.0000429532 0.0000578634 0.0000384830 0.0001507651 0.3773961833 0.9765855880 -0.0163809774 3.4331857203 6.0758037050 4.3932392590 -0.0508037557 0.1746054763 0.0576311353 0.1168946602
0.9005853539 1.0030419763 -0.0055083217 -0.0097781764 0.0041627266 0.0025933000 0.0056513412 -0.0005361896 0.0000986791 -0.0000107189 0.0000622164 0.0000136250 0.0001323796 0.0000457216 0.0000604178 0.0000415869 0.0001491659 0.3684423525 1.0039402462 -0.0068557502 3.4827059393 6.1821925208 4.4883263819 -0.0595051961 0.1697814685 0.0642413163 0.1252192998
0.8918342430 1.0026079117 -0.0051906665 -0.0097723150 0.0042152999 0.0026836036 0.0056433776 -0.0005618618 0.0000989504 -0.0000137091 0.0000636499 0.0000141986 0.0001444972 0.0000480417 0.0000624748 0.0000458326 0.0001477100 0.3615937653 1.0395505278 0.0182498967 3.5136823711 6.3508498110 4.5235617524 -0.0751078002 0.1709037498 0.0655661400 0.1313430015
0.8830831321 1.0021989906 -0.0050042900 -0.0098022286 0.0042672403 0.0027775956 0.0056466218 -0.0005937646 0.0000986425 -0.0000164939 0.0000642004 0.0000153088 0.0001565195 0.0000539077 0.0000644147 0.0000504270 0.0001482497 0.3535749123 1.0693249955 0.0068811125 3.5432637669 6.5203980053 4.5853875527 -0.0873601025 0.1715104328 0.0690414430 0.1456536134
0.8743320213 1.0019690970 -0.0049407790 -0.0101635995 0.0043098993 0.0028669107 0.0056342251 -0.0006265489 0.0000960049 -0.0000183377 0.0000638752 0.0000168384 0.0001664679 0.0000576671 0.0000657977 0.0000536224 0.0001455013 0.3391353608 1.0840597991 -0.0215005769 3.5476188215 6.5106261430 4.5242551675 -0.0932705253 0.1716561552 0.0736895214 0.1554196129
0.8655809104 1.0017359016 -0.0049198373 -0.0106691602 0.0043561562 0.0029576716 0.0056212136 -0.0006595386 0.0000935593 -0.0000213469 0.0000663989 0.0000188282 0.0001739539 0.0000576778 0.0000673712 0.0000563862 0.0001446415 0.3259723131 1.0794285250 -0.0465114393 3.5523745511 6.4188475446 4.5023425063 -0.1041909066 0.1803955801 0.0792108400 0.1550318864
0.8568297996 1.0013230746 -0.0048155453 -0.0109979853 0.0044124885 0.0030505193 0.0056111656 -0.0006905463 0.0000930433 -0.0000255217 0.0000671151 0.0000208870 0.0001831184 0.0000584674 0.0000697449 0.0000600732 0.0001432367 0.3183103845 1.0838789654 -0.0523359070 3.5819142028 6.4202020965 4.4366476542 -0.1201370193 0.1805874623 0.0848471257 0.1579592785
0.8480786887 1.0007052117 -0.0045129331 -0.0110317306 0.0044807985 0.0031558568 0.0056503784 -0.0007206861 0.0000930710 -0.0000297021 0.0000671136 0.0000235839 0.0001943395 0.0000614828 0.0000732465 0.0000644577 0.0001469338 0.3113856482 1.0944975713 -0.0351262384 3.6463372952 6.4499737593 4.4773770841 -0.1348850479 0.1759151847 0.0925058307 0.1646509101
0.8393275779 1.0000617179 -0.0041734301 -0.0109354398 0.0045500289 0.0032766587 0.0057216187 -0.0007592200 0.0000930673 -0.0000347852 0.0000662332 0.0000269394 0.0002092695 0.0000683441 0.0000760254 0.0000704219 0.0001511577 0.3049415374 1.1144541503 -0.0061835906 3.6739288076 6.5455805258 4.5080887558 -0.1524878866 0.1716660879 0.1020682378 0.1766751299
0.8305764670 0.9994615408 -0.0039549064 -0.0108576721 0.0046198259 0.0034157726 0.0057749616 -0.0008028331 0.0000927508 -0.0000411814 0.0000637577 0.0000318539 0.0002286013 0.0000786867 0.0000788194 0.0000776699 0.0001551478 0.2972091140 1.1426100947 0.0069925184 3.6968216518 6.6351706141 4.5528520380 -0.1733402981 0.1639201300 0.1169572183 0.1981575661
0.8218253562 0.9987855283 -0.0038430060 -0.0108532520 0.0046939949 0.0035499558 0.0058141807 -0.0008461410 0.0000876960 -0.0000465955 0.0000604620 0.0000379520 0.0002453182 0.0000857056 0.0000826340 0.0000832049 0.0001592484 0.2737175085 1.1559859762 0.0008165830 3.7542914480 6.5686788145 4.6222507420 -0.1878286098 0.1525225941 0.1354652323 0.2130582573
0.8130742453 0.9979972341 -0.0036842009 -0.0109057491 0.0047739618 0.0036890541 0.0058707112 -0.0008939487 0.0000790193 -0.0000524050 0.0000598267 0.0000446853 0.0002636056 0.0000897100 0.0000881588 0.0000902796 0.0001614276 0.2409962353 1.1724868856 0.0040846923 3.8689030588 6.5968448206 4.6195186061 -0.2019473672 0.1475325715 0.1543236073 0.2217172117
0.8043231344 0.9970923754 -0.0034851840 -0.0110171632 0.0048559592 0.0038338702 0.0059519346 -0.0009465783 0.0000694983 -0.0000576949 0.0000592590 0.0000502478 0.0002813577 0.0000932856 0.0000939541 0.0000978049 0.0001669605 0.2090162298 1.1823963483 0.0093330663 3.9766540470 6.6246036248 4.6720956061 -0.2121136795 0.1423745645 0.1664693128 0.2279237700
0.7955720236 0.9960614162 -0.0033097140 -0.0111077176 0.0049453821 0.0039831093 0.0060272550 -0.0010129274 0.0000584875 -0.0000657361 0.0000556057 0.0000558622 0.0002982701 0.0000968142 0.0001004336 0.0001049668 0.0001709341 0.1738992649 1.1849545726 0.0216674387 4.0889653972 6.6003143962 4.6823508942 -0.2311353362 0.1297660198 0.1770111178 0.2322659328
0.7868209127 0.9949933246 -0.0032094277 -0.0112359546 0.0050462334 0.0041344489 0.0061027679 -0.0010829990 0.0000499254 -0.0000763400 0.0000509655 0.0000631483 0.0003156430 0.0001020906 0.0001070677 0.0001123766 0.0001759523 0.1454526057 1.1861105610 0.0275719961 4.1866860602 6.5627742858 4.7035161718 -0.2564580614 0.1153839946 0.1922832880 0.2379227346
0.7780698019 0.9938728940 -0.0031808664 -0.0113845794 0.0051606873 0.0042866270 0.0062012741 -0.0011527093 0.0000435352 -0.0000888044 0.0000492869 0.0000741224 0.0003371238 0.0001130264 0.0001138430 0.0001220146 0.0001860323 0.1230427575 1.2010446269 0.0181621782 4.2603803096 6.6356575960 4.8087864318 -0.2847863869 0.1093965523 0.2165492799 0.2547347556
0.7693186910 0.9926874726 -0.0031472023 -0.0113942179 0.0052975454 0.0044438007 0.0062943883 -0.0012321035 0.0000347934 -0.0001034580 0.0000469286 0.0000864023 0.0003586650 0.0001235358 0.0001228421 0.0001326454 0.0001949178 0.0963320040 1.2115790852 0.0228255562 4.3602086798 6.7232260905 4.8859912043 -0.3165184803 0.1029131878 0.2407674281 0.2713835683
0.7605675802 0.9914152958 -0.0030648749 -0.0113467542 0.0054449982 0.0046154490 0.0064224697 -0.0013207155 0.0000229832 -0.0001181792 0.0000439102 0.0000983622 0.0003832503 0.0001315624 0.0001330722 0.0001438827 0.0002032549 0.0647314222 1.2238508837 0.0275337357 4.4647727842 6.7694048825 4.8961536549 -0.3433435602 0.0935907291 0.2612410936 0.2816142616
0.7518164693 0.9901302014 -0.0029542444 -0.0115442940 0.0055800601 0.0047981576 0.0065501981 -0.0014032362 0.0000118294 -0.0001302033 0.0000385798 0.0001069367 0.0004049559 0.0001347830 0.0001423531 0.0001534009 0.0002136934 0.0362837009 1.2201229034 0.0429250248 4.5518002440 6.6818992060 4.9576840687 -0.3589096682 0.0794298986 0.2712322426 0.2786479002
0.7430653584 0.9888847515 -0.0027878400 -0.0120078304 0.0057131565 0.0049852999 0.0066554114 -0.0014724125 0.0000018118 -0.0001391155 0.0000336748 0.0001142136 0.0004256313 0.0001410779 0.0001519945 0.0001627519 0.0002217606 0.0129555621 1.2110934937 0.0590920391 4.6350684030 6.5700989811 4.9839742359 -0.3646274956 0.0680951885 0.2773176716 0.2824523183
0.7343142476 0.9875695836 -0.0026105142 -0.0124690951 0.0058492250 0.0051778459 0.0067699395 -0.0015465733 -0.0000111940 -0.0001505497 0.0000334012 0.0001247190 0.0004480187 0.0001491598 0.0001609148 0.0001736888 0.0002276539 -0.0162011127 1.2044540549 0.0492579004 4.6857134951 6.5024726361 4.9753251335 -0.3760550269 0.0651259630 0.2906469194 0.2893599811
0.7255631367 0.9860210725 -0.0024644255 -0.0126270703 0.0059908634 0.0053736386 0.0069051644 -0.0016353722 -0.0000339541 -0.0001666149 0.0000250120 0.0001385046 0.0004706723 0.0001580105 0.0001718469 0.0001852392 0.0002387436 -0.0636312972 1.1967506876 0.0482266999 4.7659320913 6.4356735171 4.9904594934 -0.3968228353 0.0467748698 0.3096444024 0.2948334164
0.7168120259 0.9842247039 -0.0023997950 -0.0124385460 0.0061542897 0.0055739819 0.0070697127 -0.0017322689 -0.0000631128 -0.0001852263 0.0000094214 0.0001569737 0.0004972405 0.0001673518 0.0001873738 0.0001990600 0.0002543430 -0.1197892923 1.1966209374 0.0515682013 4.9162603378 6.4236994995 5.0720769826 -0.4199203544 0.0165526930 0.3359366523 0.3014507572
0.7080609150 0.9822691358 -0.0023828046 -0.0122663910 0.0063377860 0.0057806864 0.0072278876 -0.0018319549 -0.0000913438 -0.0002017432 -0.0000020928 0.0001767084 0.0005233724 0.0001738750 0.0002029537 0.0002115353 0.0002668728 -0.1688579873 1.1927282714 0.0438451506 5.0092398814 6.3479160438 5.1166000034 -0.4349452577 -0.0058494843 0.3613853336 0.3043708206
0.6993098042 0.9802351180 -0.0023946459 -0.0122024569 0.0065327502 0.0059966574 0.0073718607 -0.0019449617 -0.0001198553 -0.0002187803 -0.0000069324 0.0001949345 0.0005483143 0.0001802141 0.0002199486 0.0002234734 0.0002786240 -0.2147594661 1.1828905623 0.0424315871 5.1072332332 6.2319230110 5.1321572677 -0.4479286480 -0.0144343532 0.3804427251 0.3068667481
0.6905586933 0.9781318643 -0.0023914672 -0.0122479960 0.0067325122 0.0062301814 0.0075373107 -0.0020641761 -0.0001483753 -0.0002378611 -0.0000136937 0.0002140277 0.0005790113 0.0001922816 0.0002401418 0.0002387410 0.0002955195 -0.2557104101 1.1795164727 0.0436759814 5.2526234707 6.1639318812 5.1966968874 -0.4616923728 -0.0241217557 0.3978878741 0.3157210543
0.6818075824 0.9759048529 -0.0023525678 -0.0123584941 0.0069342507 0.0064703397 0.0076990644 -0.0021792844 -0.0001844911 -0.0002579038 -0.0000328791 0.0002348693 0.0006116609 0.0002041890 0.0002618802 0.0002562544 0.0003105397 -0.3053916051 1.1773954757 0.0678544746 5.4019361400 6.1358892481 5.2596856537 -0.4751456294 -0.0528999059 0.4162583929 0.3234956165
0.6730564716 0.9734832729 -0.0023437690 -0.0123686865 0.0071452137 0.0066997174 0.0078543878 -0.0022898928 -0.0002190576 -0.0002769118 -0.0000545453 0.0002560159 0.0006371793 0.0002164518 0.0002794900 0.0002709954 0.0003233040 -0.3478073171 1.1638127534 0.1047467995 5.4250538499 6.0525785031 5.2857368841 -0.4857917358 -0.0845009471 0.4332240858 0.3305799681
0.6643053607 0.9709944369 -0.0023864989 -0.0122759088 0.0073704658 0.0069261403 0.0080328911 -0.0024101523 -0.0002480494 -0.0002984950 -0.0000700745 0.0002762498 0.0006601920 0.0002303113 0.0002953551 0.0002852737 0.0003374760 -0.3783581838 1.1471429495 0.1172019635 5.3932042908 5.9609671257 5.2849815147 -0.4997035422 -0.1059655629 0.4472475997 0.3382379940
0.6555542499 0.9685290400 -0.0023998069 -0.0122838270 0.0075928060 0.0071716881 0.0082409322 -0.0025439865 -0.0002762464 -0.0003243572 -0.0000836859 0.0002946226 0.0006850443 0.0002419870 0.0003116146 0.0003011228 0.0003581855 -0.4056226431 1.1297068852 0.1272047911 5.3675401368 5.8666541327 5.3062302668 -0.5174934817 -0.1231712658 0.4564099970 0.3419107521
0.6468031390 0.9658970835 -0.0023656705 -0.0122215936 0.0078342099 0.0074399479 0.0084728942 -0.0026849106 -0.0003109022 -0.0003505316 -0.0001002223 0.0003170499 0.0007134457 0.0002560608 0.0003322450 0.0003192565 0.0003803091 -0.4393629926 1.1136946780 0.1275145926 5.3864472026 5.7769912429 5.2971121900 -0.5316819108 -0.1423859758 0.4682113957 0.3481403048
0.6380520282 0.9630091999 -0.0023269881 -0.0119707552 0.0081168133 0.0077052817 0.0087298511 -0.0028353621 -0.0003653951 -0.0003778591 -0.0001225612 0.0003454407 0.0007442364 0.0002788693 0.0003605635 0.0003385989 0.0004076633 -0.4944947073 1.1022466640 0.1335780807 5.4588354531 5.7099969551 5.3395373045 -0.5440985647 -0.1641846434 0.4846000305 0.3623817978
0.6293009173 0.9600348805 -0.0022727953 -0.0117681089 0.0084184340 0.0079750268 0.0089506327 -0.0029883910 -0.0004312219 -0.0004072885 -0.0001437501 0.0003729415 0.0007782084 0.0002976752 0.0003911662 0.0003587198 0.0004272022 -0.5567757121 1.0948043861 0.1321163876 5.5186410654 5.6490300968 5.3228594537 -0.5565464910 -0.1820821840 0.4963887857 0.3696394657
0.6205498065 0.9569935983 -0.0021816295 -0.0115885407 0.0087098351 0.0082646262 0.0091418032 -0.0031460639 -0.0004923069 -0.0004365682 -0.0001656121 0.0003993469 0.0008183143 0.0003113273 0.0004217204 0.0003828682 0.0004355459 -0.6063469493 1.0915171394 0.1349272291 5.5687866842 5.6165924340 5.2173935631 -0.5659032917 -0.2014307274 0.5051259504 0.3711556689
0.6117986956 0.9538219012 -0.0021928892 -0.0116151355 0.0090183060 0.0085543684 0.0093610229 -0.0033041789 -0.0005494902 -0.0004629373 -0.0001910433 0.0004240437 0.0008463027 0.0003257321 0.0004531898 0.0004056086 0.0004484962 -0.6433572173 1.0722334938 0.1282235810 5.5846990172 5.5544987435 5.1412051848 -0.5701114399 -0.2245790101 0.5096917033 0.3720562497
0.6030475847 0.9504672619 -0.0023298393 -0.0116660235 0.0093568149 0.0088391427 0.0095812363 -0.0034488456 -0.0006117345 -0.0004863625 -0.0002109690 0.0004494067 0.0008610930 0.0003383222 0.0004894929 0.0004258234 0.0004689507 -0.6778961270 1.0389974506 0.1136270939 5.6001188681 5.4608077908 5.1314349688 -0.5691030661 -0.2375714714 0.5122698359 0.3701613477
0.5942964739 0.9468760583 -0.0025271321 -0.0114869993 0.0096976146 0.0091145048 0.0097881271 -0.0035906113 -0.0006816807 -0.0005115562 -0.0002301783 0.0004799111 0.0008761020 0.0003528881 0.0005262382 0.0004438005 0.0004840987 -0.7156488404 1.0098152396 0.1020714545 5.6005239682 5.3522520772 5.0662699505 -0.5702189047 -0.2483911296 0.5194492731 0.3703924354
0.5855453630 0.9430826420 -0.0026145573 -0.0111376345 0.0100515083 0.0094078801 0.0101119699 -0.0037493499 -0.0007633367 -0.0005384752 -0.0002571978 0.0005156852 0.0009056539 0.0003832609 0.0005656657 0.0004646137 0.0005237077 -0.7587214273 0.9953854958 0.1020047407 5.5998166995 5.2586304048 5.1455808580 -0.5713959804 -0.2629836356 0.5299151071 0.3819505591
0.5767942522 0.9392192072 -0.0026304371 -0.0108606893 0.0104058963 0.0097210188 0.0104434994 -0.0039245041 -0.0008353199 -0.0005645048 -0.0002839536 0.0005448839 0.0009412742 0.0004093004 0.0006023781 0.0004876956 0.0005642980 -0.7877242641 0.9847815053 0.1049843708 5.5611349197 5.1687483046 5.2064535458 -0.5700384657 -0.2744647313 0.5323041465 0.3881987173
0.5680431413 0.9353028944 -0.0026942010 -0.0107231564 0.0107651733 0.0100468259 0.0107719890 -0.0041061771 -0.0008926263 -0.0005915713 -0.0003130611 0.0005696061 0.0009773220 0.0004253531 0.0006343737 0.0005141820 0.0005978245 -0.8000728381 0.9729673175 0.1099804876 5.4751284562 5.1002104428 5.1794424562 -0.5686534761 -0.2867075096 0.5291932899 0.3840587136
0.5592920305 0.9311807807 -0.0028806419 -0.0104096980 0.0111360644 0.0103708143 0.0111015659 -0.0042954412 -0.0009629975 -0.0006181477 -0.0003342777 0.0005966034 0.0010052748 0.0004407992 0.0006675017 0.0005391228 0.0006277145 -0.8208818349 0.9542240057 0.1186442632 5.3878825432 5.0181821869 5.1122727226 -0.5661716890 -0.2903302661 0.5275095885 0.3794631895
0.5505409196 0.9269109071 -0.0030704567 -0.0098850744 0.0115231584 0.0106982369 0.0114281067 -0.0044758471 -0.0010302028 -0.0006412068 -0.0003517437 0.0006195900 0.0010247892 0.0004534206 0.0007023322 0.0005610735 0.0006576459 -0.8344916787 0.9289056365 0.1292950094 5.2958049991 4.9093615021 5.0427669618 -0.5597050221 -0.2911201185 0.5215782132 0.3728376982
0.5417898087 0.9225616855 -0.0031718838 -0.0094261107 0.0119195372 0.0110248280 0.0117867569 -0.0046419929 -0.0010910615 -0.0006602000 -0.0003721238 0.0006389699 0.0010385151 0.0004672342 0.0007383529 0.0005817264 0.0006889937 -0.8404133312 0.9000120428 0.1344773626 5.2012498097 4.7938371029 4.9630522568 -0.5497691066 -0.2931293270 0.5122190291 0.3660567611
0.5330386979 0.9181326759 -0.0032568697 -0.0090383078 0.0123096516 0.0113360078 0.0122119640 -0.0047989198 -0.0011509660 -0.0006815703 -0.0004028263 0.0006635018 0.0010510915 0.0004871749 0.0007704744 0.0006027578 0.0007322564 -0.8449626756 0.8735475780 0.1373558002 5.0869656424 4.6980475785 4.9149459252 -0.5430098379 -0.3008027950 0.5077723844 0.3624523835
0.5242875870 0.9135553455 -0.0033772075 -0.0085508513 0.0127064437 0.0116480300 0.0125494841 -0.0049614282 -0.0012152008 -0.0007086175 -0.0004264901 0.0006917673 0.0010709002 0.0004964094 0.0008033126 0.0006278202 0.0007635474 -0.8503006876 0.8544872174 0.1423651200 4.9745082677 4.6346735408 4.8527575905 -0.5407443687 -0.3044401469 0.5059071173 0.3535762301
0.5155364762 0.9088659943 -0.0035650483 -0.0081304891 0.0131711501 0.0119782745 0.0128017882 -0.0051580039 -0.0012901055 -0.0007390677 -0.0004475250 0.0007256652 0.0010975307 0.0005028848 0.0008482130 0.0006559746 0.0007828271 -0.8548209264 0.8396020014 0.1310828881 4.8862395674 4.5775023889 4.7796857767 -0.5387080088 -0.3070624134 0.5048996048 0.3444836371
0.5067853653 0.9040317766 -0.0038091407 -0.0076958934 0.0136719900 0.0122981762 0.0131149495 -0.0053665297 -0.0013671380 -0.0007684246 -0.0004787004 0.0007612402 0.0011214204 0.0005151178 0.0008972701 0.0006833363 0.0008144991 -0.8561904288 0.8243867934 0.1191857670 4.7960701712 4.5228481290 4.7398553438 -0.5354817969 -0.3144479185 0.5033445062 0.3379813837
0.4980342545 0.8989514060 -0.0040682018 -0.0072933924 0.0141879686 0.0126033158 0.0134854171 -0.0055807145 -0.0014490329 -0.0007961561 -0.0005173456 0.0007946317 0.0011384718 0.0005236647 0.0009463844 0.0007094980 0.0008530309 -0.8584560748 0.8064327121 0.1139638065 4.6974377251 4.4706327149 4.6906147408 -0.5313812979 -0.3238418953 0.4999425875 0.3279591724
0.4892831436 0.8936650684 -0.0043142931 -0.0072518429 0.0146789415 0.0129069894 0.0138548048 -0.0057979904 -0.0015184323 -0.0008214517 -0.0005476293 0.0008240610 0.0011468063 0.0005339752 0.0009888190 0.0007316328 0.0008927815 -0.8549517620 0.7835544788 0.0957860545 4.5860584732 4.3945294371 4.6490761744 -0.5262195667 -0.3273966821 0.4950914989 0.3195235404
0.4805320327 0.8882869105 -0.0045168858 -0.0072084878 0.0151681669 0.0132238366 0.0142877881 -0.0060273466 -0.0015842168 -0.0008464422 -0.0005745007 0.0008575455 0.0011526538 0.0005552344 0.0010331350 0.0007525741 0.0009411014 -0.8490329118 0.7591348850 0.0823452513 4.4885470933 4.3056580312 4.6086286509 -0.5205559770 -0.3270837425 0.4923571028 0.3165247900
0.4717809219 0.8827776326 -0.0047682773 -0.0069231431 0.0157083255 0.0135465840 0.0146954893 -0.0062694189 -0.0016694826 -0.0008703446 -0.0005951110 0.0008952870 0.0011618156 0.0005736306 0.0010869427 0.0007744934 0.0009852841 -0.8487934045 0.7377353151 0.0810536289 4.4036751097 4.2220703406 4.5609631426 -0.5134005622 -0.3236960875 0.4901040438 0.3118854483
0.4630298110 0.8772201847 -0.0050040831 -0.0064257499 0.0163124492 0.0138618367 0.0150747514 -0.0065137761 -0.0017623093 -0.0008903330 -0.0006194619 0.0009324054 0.0011706542 0.0005908764 0.0011533069 0.0007974285 0.0010105615 -0.8464527822 0.7178140965 0.0871704222 4.3319096186 4.1507453169 4.4425741773 -0.5035740357 -0.3224945371 0.4856845836 0.3068065550
0.4542787002 0.8715530508 -0.0051757940 -0.0058808881 0.0169509480 0.0141467756 0.0154445743 -0.0067509537 -0.0018401213 -0.0009093419 -0.0006319330 0.0009659456 0.0011726272 0.0006001574 0.0012191596 0.0008178065 0.0010412261 -0.8343445126 0.6971969767 0.0891753392 4.2402082251 4.0871072980 4.3579341463 -0.4943401538 -0.3151772341 0.4792982353 0.2983920954
0.4455275893 0.8656226887 -0.0052992488 -0.0055281251 0.0175873962 0.0144539382 0.0158441590 -0.0070022807 -0.0018954044 -0.0009321354 -0.0006348862 0.0009984494 0.0011800731 0.0006048404 0.0012761112 0.0008416951 0.0010869855 -0.8131185944 0.6793402659 0.0836653435 4.1234340755 4.0294239057 4.3259532093 -0.4869151078 -0.3032695782 0.4725908323 0.2880733493
0.4367764785 0.8594979823 -0.0054532461 -0.0055311964 0.0182206621 0.0148063770 0.0163727502 -0.0072543518 -0.0019482505 -0.0009515897 -0.0006564981 0.0010290130 0.0011883287 0.0006237854 0.0013339448 0.0008699330 0.0011613733 -0.7925142154 0.6600599001 0.0778582010 4.0163568785 3.9695373850 4.3263266755 -0.4767151234 -0.2981162067 0.4645309657 0.2825223648
0.4280253676 0.8533501316 -0.0056086098 -0.0056611855 0.0188079381 0.0151615245 0.0168802148 -0.0074952955 -0.0020066711 -0.0009676694 -0.0006822184 0.0010521752 0.0011871935 0.0006494544 0.0013851933 0.0008959643 0.0012238127 -0.7780070286 0.6365148171 0.0692577665 3.9135269458 3.8991962340 4.2868054647 -0.4658746628 -0.2953339042 0.4546014131 0.2806450323
0.4192742567 0.8472694870 -0.0056991059 -0.0057811962 0.0193371367 0.0154829307 0.0173082624 -0.0077235395 -0.0020505307 -0.0009822235 -0.0007046855 0.0010721634 0.0011811678 0.0006593213 0.0014292846 0.0009173688 0.0012657287 -0.7623165293 0.6137131599 0.0556172944 3.8202469475 3.8276321711 4.2153185322 -0.4565996424 -0.2934554062 0.4457639776 0.2738165241
0.4105231459 0.8410634900 -0.0057769778 -0.0057164600 0.0198368958 0.0157940817 0.0177236357 -0.0079395379 -0.0020812947 -0.0009935056 -0.0007268288 0.0010917654 0.0011699942 0.0006611451 0.0014689235 0.0009390857 0.0013142803 -0.7446664758 0.5901033201 0.0357812969 3.7319601325 3.7648365347 4.1748690230 -0.4468647333 -0.2919187109 0.4380513778 0.2646487799
0.4017720350 0.8346614351 -0.0059006420 -0.0053842544 0.0203641675 0.0161336966 0.0181821889 -0.0081392429 -0.0021003866 -0.0010032367 -0.0007407250 0.0011059938 0.0011654485 0.0006755132 0.0015096155 0.0009680135 0.0013554455 -0.7226012589 0.5691924110 0.0251750024 3.6401972081 3.7186901851 4.0945872766 -0.4358309964 -0.2860313252 0.4276742359 0.2599975500
0.3930209242 0.8280573477 -0.0060268355 -0.0052022295 0.0209102537 0.0164804255 0.0186861125 -0.0083255797 -0.0021154723 -0.0010022881 -0.0007638110 0.0011115721 0.0011646120 0.0006901621 0.0015543278 0.0010002820 0.0014017060 -0.6994873151 0.5507120722 0.0223723360 3.5545800154 3.6821391788 4.0105031475 -0.4206712294 -0.2829639940 0.4141320755 0.2551169519
0.3842698133 0.8213395143 -0.0061724115 -0.0050672105 0.0214470666 0.0168179241 0.0191919120 -0.0085188252 -0.0021344740 -0.0009931491 -0.0007797844 0.0011109976 0.0011568003 0.0006887544 0.0016015848 0.0010283318 0.0014551734 -0.6794128140 0.5306188461 0.0182968964 3.4810179169 3.6352999228 3.9460952283 -0.4034198601 -0.2775468475 0.3994571736 0.2448045913
0.3755187025 0.8145475063 -0.0063594457 -0.0048206191 0.0219671210 0.0171608274 0.0196401016 -0.0087300275 -0.0021344496 -0.0009880564 -0.0007831844 0.0011025233 0.0011478022 0.0006884663 0.0016379852 0.0010539175 0.0015103925 -0.6553168075 0.5108827789 0.0164648066 3.3928570283 3.5788613456 3.9107304546 -0.3887165082 -0.2690275709 0.3831487673 0.2362644051
0.3667675916 0.8075905993 -0.0064578461 -0.0046425829 0.0225037184 0.0175170755 0.0201081847 -0.0089638213 -0.0021176221 -0.0009865141 -0.0007974613 0.0010939077 0.0011465328 0.0006899324 0.0016728789 0.0010846817 0.0015704946 -0.6269428461 0.4946767280 0.0259509396 3.3016639394 3.5348842816 3.8817138592 -0.3755655853 -0.2643724212 0.3672566163 0.2285752733
0.3580164808 0.8003602308 -0.0064497872 -0.0043134429 0.0230972327 0.0178282137 0.0204956226 -0.0091927185 -0.0021204508 -0.0009847985 -0.0008060787 0.0010908727 0.0011424863 0.0006881307 0.0017255710 0.0011085200 0.0016070545 -0.6036842397 0.4799945454 0.0254204705 3.2329172246 3.4876683465 3.8248969130 -0.3635554166 -0.2588332565 0.3537012128 0.2208764257
0.3492653699 0.7929975252 -0.0064481506 -0.0038799253 0.0236445662 0.0181337424 0.0208383476 -0.0093890459 -0.0021150510 -0.0009826361 -0.0008099057 0.0010827461 0.0011402198 0.0006900252 0.0017755985 0.0011334296 0.0016428179 -0.5812959943 0.4669469016 0.0301158064 3.1739191377 3.4463901094 3.7821428315 -0.3524993303 -0.2526635917 0.3400710801 0.2153622641
0.3405142590 0.7855154067 -0.0064892511 -0.0037674501 0.0241483664 0.0184570861 0.0212757053 -0.0095729105 -0.0020889896 -0.0009807343 -0.0008243802 0.0010628822 0.0011326557 0.0006950005 0.0018125188 0.0011634445 0.0017006625 -0.5562817597 0.4516099846 0.0172507323 3.1063366509 3.4143427361 3.7548640626 -0.3419783664 -0.2491699249 0.3240042154 0.2101933204
0.3317631482 0.7779387291 -0.0065801138 -0.0036300830 0.0246184112 0.0187699423 0.0217571686 -0.0097700207 -0.0020616540 -0.0009781354 -0.0008190752 0.0010404289 0.0011138229 0.0006815347 0.0018465044 0.0011941474 0.0017701034 -0.5332962225 0.4329926490 0.0063049024 3.0450213680 3.3885498813 3.7362705223 -0.3321437578 -0.2397642829 0.3084739372 0.1994752616
0.3230120373 0.7703349514 -0.0066832395 -0.0033659443 0.0250453539 0.0190809165 0.0222800797 -0.0099537927 -0.0020383847 -0.0009695466 -0.0007889634 0.0010166599 0.0011030609 0.0006752408 0.0018806401 0.0012250623 0.0018392792 -0.5137865576 0.4184800955 -0.0023478083 2.9964189111 3.3642401853 3.7033267023 -0.3211496654 -0.2235735660 0.2938269414 0.1912971120
0.3142609265 0.7628074523 -0.0067828761 -0.0029832935 0.0254544657 0.0193622567 0.0228048497 -0.0101229463 -0.0019870499 -0.0009538339 -0.0007557729 0.0009879220 0.0010876039 0.0006657469 0.0019065375 0.0012485989 0.0018896467 -0.4889267394 0.4037988765 -0.0016220228 2.9409187462 3.3303769992 3.6323663881 -0.3088815474 -0.2076566488 0.2788744183 0.1829161400
0.3055098156 0.7551308140 -0.0069193162 -0.0026801803 0.0259120883 0.0196081099 0.0232906963 -0.0102890929 -0.0019244174 -0.0009326869 -0.0007336349 0.0009593232 0.0010597712 0.0006495264 0.0019388801 0.0012653719 0.0019511625 -0.4612579627 0.3861168723 0.0075539422 2.8867150563 3.2911724800 3.5949129127 -0.2956367132 -0.1956818038 0.2644031562 0.1732125614
0.2967587048 0.7471840903 -0.0070706237 -0.0024923606 0.0263910759 0.0198369379 0.0237316755 -0.0104554629 -0.0018725674 -0.0009121697 -0.0007244750 0.0009382701 0.0010347276 0.0006292166 0.0019763393 0.0012814541 0.0020164269 -0.4367587087 0.3704748546 0.0167201481 2.8369421286 3.2565623524 3.5787391566 -0.2831745359 -0.1877770924 0.2524842294 0.1630877485
0.2880075939 0.7392488445 -0.0071570614 -0.0025404699 0.0268466353 0.0200614112 0.0240733371 -0.0106044833 -0.0018164824 -0.0008902867 -0.0007043820 0.0009156494 0.0010103316 0.0006048714 0.0020195255 0.0012996711 0.0020565492 -0.4128880909 0.3556485213 0.0159129899 2.8011634644 3.2292242269 3.5480575851 -0.2709269079 -0.1783829900 0.2408569318 0.1531947307
0.2792564830 0.7313646013 -0.0071851270 -0.0026706022 0.0272692143 0.0202794434 0.0243950778 -0.0107301835 -0.0017496720 -0.0008626298 -0.0006684345 0.0008906028 0.0009785361 0.0005760749 0.0020615168 0.0013184974 0.0020993878 -0.3884146501 0.3388739091 0.0047421852 2.7711583968 3.2060093189 3.5279968129 -0.2576530671 -0.1657064808 0.2293737227 0.1427768348
0.2705053722 0.7234533740 -0.0072530575 -0.0026427564 0.0277232920 0.0204792326 0.0247391047 -0.0108442936 -0.0017036832 -0.0008293016 -0.0006346751 0.0008672411 0.0009450608 0.0005522119 0.0021216223 0.0013335046 0.0021390560 -0.3687972625 0.3225285448 0.0016746824 2.7586989142 3.1793945797 3.4948599632 -0.2432642200 -0.1537836931 0.2186044132 0.1337371412
0.2617542613 0.7155240279 -0.0073670357 -0.0026718376 0.0282055770 0.0206801053 0.0250976687 -0.0109607683 -0.0016679207 -0.0008002101 -0.0006039413 0.0008482063 0.0009144614 0.0005152723 0.0022010401 0.0013481605 0.0021760850 -0.3516367718 0.3075694736 0.0040573304 2.7641726687 3.1519686224 3.4543664637 -0.2304458872 -0.1430482735 0.2090955248 0.1219866434
0.2530031505 0.7075649390 -0.0074563585 -0.0027106443 0.0286113505 0.0208946754 0.0254664359 -0.0110832843 -0.0016141660 -0.0007797035 -0.0005766987 0.0008321425 0.0008798596 0.0004867716 0.0022613360 0.0013648139 0.0022215940 -0.3331373546 0.2913603683 0.0039606657 2.7601461373 3.1254804570 3.4258808180 -0.2206330326 -0.1337821231 0.2012053308 0.1127837419
0.2442520396 0.6995831673 -0.0074934452 -0.0026037690 0.0288861462 0.0211030131 0.0258035996 -0.0111551521 -0.0015354308 -0.0007559101 -0.0005444373 0.0008097745 0.0008363255 0.0004777571 0.0022947032 0.0013809655 0.0022529568 -0.3123622911 0.2729334058 0.0061728742 2.7477854134 3.1003712042 3.3835152033 -0.2107868718 -0.1241230516 0.1930134349 0.1087078913
0.2355009288 0.6915758820 -0.0075872130 -0.0022547525 0.0290713428 0.0212955719 0.0261101372 -0.0111816010 -0.0014366607 -0.0007196107 -0.0005017112 0.0007751419 0.0007994931 0.0004554980 0.0023181539 0.0013977700 0.0022794854 -0.2894299290 0.2574820818 0.0100373871 2.7403758716 3.0817679311 3.3435202221 -0.1982246951 -0.1127151773 0.1828145990 0.1021393441
0.2267498179 0.6834591940 -0.0076774405 -0.0018036579 0.0292311130 0.0214474960 0.0263733592 -0.0111952611 -0.0013359495 -0.0006809148 -0.0004692714 0.0007345569 0.0007633817 0.0004310390 0.0023339446 0.0014114528 0.0023221986 -0.2669100068 0.2432280615 0.0143019936 2.7281668928 3.0681032206 3.3379718448 -0.1857422215 -0.1041611039 0.1717206446 0.0954783122
0.2179987070 0.6750865946 -0.0077676695 -0.0015928927 0.0294269709 0.0215808884 0.0266681032 -0.0112338488 -0.0012164689 -0.0006419500 -0.0004419635 0.0006935741 0.0007179823 0.0003976787 0.0023527582 0.0014206821 0.0023725403 -0.2407836098 0.2265478464 0.0162031906 2.7137785501 3.0501895868 3.3355251280 -0.1734357410 -0.0967636076 0.1605192253 0.0868805519
0.2092475962 0.6665695019 -0.0078739558 -0.0017039271 0.0296473354 0.0217150038 0.0270006388 -0.0112757799 -0.0011106382 -0.0006021694 -0.0004351207 0.0006651866 0.0006573216 0.0003706360 0.0023804326 0.0014271190 0.0024349910 -0.2174968681 0.2054627851 0.0205760434 2.7054221682 3.0262957844 3.3393671883 -0.1610747898 -0.0938814838 0.1522980352 0.0796463977
0.2004964853 0.6580346851 -0.0079913977 -0.0020962171 0.0298344463 0.0218670294 0.0272384591 -0.0113194873 -0.0010346148 -0.0005617313 -0.0004187061 0.0006335245 0.0005965685 0.0003552399 0.0024120489 0.0014369748 0.0024660533 -0.2007046390 0.1845319586 0.0157524282 2.7076483702 3.0051942486 3.3224325689 -0.1487511472 -0.0892238826 0.1436851463 0.0753778202
0.1917453745 0.6495932903 -0.0081302435 -0.0023079511 0.0299875868 0.0220146239 0.0274300789 -0.0113700506 -0.0009641403 -0.0005232298 -0.0003698118 0.0005939549 0.0005415769 0.0003316227 0.0024414389 0.0014474689 0.0024851654 -0.1856076370 0.1657728617 0.0118936565 2.7133615306 2.9867118991 3.3023630521 -0.1372598791 -0.0779804613 0.1335816162 0.0696954393
0.1829942636 0.6411468538 -0.0082910305 -0.0021424545 0.0301320999 0.0221505705 0.0275654399 -0.0113973571 -0.0008765720 -0.0004852683 -0.0003353898 0.0005460927 0.0004963743 0.0003056456 0.0024705136 0.0014605311 0.0024896580 -0.1675900017 0.1504477469 0.0147613893 2.7193227246 2.9765518666 3.2766335292 -0.1262001787 -0.0701515904 0.1218518619 0.0638466314
0.1742431528 0.6326248295 -0.0084350616 -0.0018032740 0.0302425333 0.0222297513 0.0276521756 -0.0113740793 -0.0007784647 -0.0004422976 -0.0003148555 0.0004912633 0.0004535921 0.0002749237 0.0024963562 0.0014646530 0.0024914715 -0.1480455115 0.1366350685 0.0224562710 2.7275772114 2.9634523021 3.2577450688 -0.1143664829 -0.0654655446 0.1090439961 0.0572027178
0.1654920419 0.6241192117 -0.0085504789 -0.0014811921 0.0302976639 0.0222670016 0.0277747155 -0.0113649119 -0.0006833573 -0.0004001623 -0.0002895928 0.0004424491 0.0004152943 0.0002498269 0.0025142937 0.0014597080 0.0025343244 -0.1296632816 0.1247886763 0.0317522631 2.7375026179 2.9436496463 3.2844445703 -0.1031953705 -0.0598403243 0.0979808508 0.0517180762
0.1567409311 0.6156009538 -0.0086102231 -0.0014375883 0.0303678835 0.0223182683 0.0280080377 -0.0113751642 -0.0005888474 -0.0003647679 -0.0002596723 0.0003984538 0.0003775019 0.0002182182 0.0025383894 0.0014568996 0.0025880357 -0.1113648627 0.1130360510 0.0388989660 2.7516165837 2.9242508495 3.2981502543 -0.0937154168 -0.0531510801 0.0878810312 0.0447209293
0.1479898202 0.6070224807 -0.0085334286 -0.0014820069 0.0305023047 0.0224298936 0.0282525742 -0.0114115266 -0.0005242815 -0.0003258052 -0.0002309745 0.0003506087 0.0003318924 0.0001858857 0.0025753034 0.0014671041 0.0026178042 -0.0984047989 0.0986237610 0.0422895543 2.7672503305 2.9150880858 3.2783852404 -0.0830675028 -0.0467697449 0.0767289718 0.0376712990
0.1392387093 0.5984069857 -0.0084474852 -0.0014827659 0.0306317095 0.0225497094 0.0284038582 -0.0114341952 -0.0004752871 -0.0002791540 -0.0002068816 0.0003027155 0.0002815325 0.0001545877 0.0026201161 0.0014816441 0.0026214525 -0.0885116485 0.0829113607 0.0449664080 2.7915164359 2.9122946466 3.2480849790 -0.0705937390 -0.0415852462 0.0656976233 0.0310350223
0.1304875985 0.5898399797 -0.0083828942 -0.0013673324 0.0307325253 0.0226479369 0.0285054778 -0.0114468757 -0.0004275316 -0.0002361090 -0.0001922422 0.0002609980 0.0002366107 0.0001260564 0.0026542093 0.0014941621 0.0026405244 -0.0792323842 0.0691204555 0.0479835343 2.8094220264 2.9112396501 3.2491726341 -0.0593460486 -0.0383515392 0.0562519296 0.0251510169
0.1217364876 0.5814009359 -0.0083551923 -0.0013623452 0.0308283432 0.0227061731 0.0286405164 -0.0114504706 -0.0003695157 -0.0002021568 -0.0001655107 0.0002248781 0.0001861038 0.0001002845 0.0026738313 0.0014996938 0.0026921550 -0.0681568441 0.0541835401 0.0465545953 2.8129429714 2.9072681860 3.2812290275 -0.0506097980 -0.0328544299 0.0482211803 0.0199546560
0.1129853768 0.5730170460 -0.0084199077 -0.0014984629 0.0309361243 0.0227278040 0.0287592972 -0.0114455717 -0.0003239311 -0.0001731173 -0.0001358375 0.0001987503 0.0001299127 0.0000805658 0.0026991113 0.0015002006 0.0027141916 -0.0594078513 0.0377887717 0.0399232347 2.8201545540 2.9031274499 3.2808917077 -0.0432326980 -0.0267358733 0.0424972717 0.0159141685
0.1042342659 0.5646508608 -0.0085730243 -0.0016822994 0.0309646650 0.0227732351 0.0288040045 -0.0114311913 -0.0002719814 -0.0001436153 -0.0001111309 0.0001740462 0.0000734274 0.0000616288 0.0027115059 0.0015031599 0.0027131131 -0.0497751020 0.0213241387 0.0338636582 2.8279640836 2.8973894465 3.2695676214 -0.0357853527 -0.0217659316 0.0371678996 0.0122020904
0.0954831551 0.5562149774 -0.0088203924 -0.0016123193 0.0309606050 0.0228256014 0.0287876647 -0.0114129923 -0.0002132631 -0.0001071462 -0.0000802670 0.0001485408 0.0000226311 0.0000233937 0.0027137661 0.0015113928 0.0027060084 -0.0389799043 0.0066521512 0.0355062487 2.8309140413 2.8999929412 3.2647621974 -0.0266165762 -0.0157479491 0.0316220163 0.0046642047
0.0867320442 0.5477828363 -0.0089942697 -0.0014247146 0.0309572139 0.0228491346 0.0287505074 -0.0113816920 -0.0001576329 -0.0000667927 -0.0000615333 0.0001168593 -0.0000232949 -0.0000175281 0.0027229430 0.0015189457 0.0026889787 -0.0287151314 -0.0065250347 0.0376068867 2.8407294216 2.9087167986 3.2528869292 -0.0165535773 -0.0121199608 0.0248159723 -0.0034328828
0.0779809333 0.5392875526 -0.0090247935 -0.0014329174 0.0309354974 0.0228648038 0.0288012470 -0.0113464233 -0.0001130534 -0.0000284088 -0.0000638181 0.0000834367 -0.0000765893 -0.0000544792 0.0027291275 0.0015264615 0.0026871741 -0.0205258343 -0.0219041184 0.0352766438 2.8510702260 2.9193729786 3.2390127385 -0.0070199567 -0.0125836030 0.0177177903 -0.0106228947
0.0692298225 0.5307501072 -0.0090257368 -0.0017081367 0.0308331586 0.0228687047 0.0288729981 -0.0112895630 -0.0000774917 0.0000119044 -0.0000494636 0.0000485242 -0.0001282956 -0.0000890696 0.0027171610 0.0015283332 0.0027120649 -0.0141758466 -0.0368235495 0.0334701549 2.8573138296 2.9222575469 3.2525151582 0.0029871664 -0.0097556334 0.0103171440 -0.0174391476
0.0604787116 0.5221075236 -0.0089917561 -0.0020697156 0.0307446181 0.0228747113 0.0288682979 -0.0112387686 -0.0000287727 0.0000551258 -0.0000383854 0.0000137053 -0.0001748348 -0.0001222205 0.0027038926 0.0015292778 0.0027176997 -0.0053783110 -0.0502365131 0.0284257626 2.8595078415 2.9229467808 3.2606306465 0.0137509985 -0.0075516465 0.0028858677 -0.0241596975
0.0517276008 0.5133763344 -0.0089496348 -0.0022836962 0.0307937712 0.0228608319 0.0287661581 -0.0112173393 0.0000277702 0.0000932185 -0.0000296295 -0.0000160449 -0.0002219143 -0.0001493006 0.0027065767 0.0015290758 0.0027011034 0.0049038127 -0.0638687374 0.0265271032 2.8532789242 2.9262959906 3.2648296445 0.0232221520 -0.0058324284 -0.0034303733 -0.0296577360
0.0429764899 0.5047032586 -0.0088769772 -0.0027272251 0.0308895292 0.0228207679 0.0285957874 -0.0112012009 0.0000710798 0.0001245745 0.0000017366 -0.0000491021 -0.0002637635 -0.0001681405 0.0027162316 0.0015234679 0.0026750671 0.0127871322 -0.0761546953 0.0277556784 2.8459201136 2.9258320502 3.2714965565 0.0310374335 0.0003594726 -0.0104830612 -0.0335638584
0.0342253791 0.4959207221 -0.0087612834 -0.0028922808 0.0308674002 0.0227646271 0.0284443719 -0.0111679438 0.0001144758 0.0001497345 0.0000099355 -0.0000760570 -0.0003016356 -0.0001785394 0.0027174514 0.0015183929 0.0026534878 0.0208442623 -0.0875493575 0.0292019682 2.8513545006 2.9304346969 3.2788448205 0.0374269685 0.0018896397 -0.0162972482 -0.0357491384
0.0254742682 0.4870580191 -0.0086725082 -0.0029177784 0.0308121764 0.0227449732 0.0284096405 -0.0111651881 0.0001542486 0.0001735591 -0.0000105330 -0.0000963708 -0.0003402002 -0.0001803149 0.0027081682 0.0015222665 0.0026587532 0.0282398003 -0.0990350626 0.0253604239 2.8516941656 2.9428342625 3.2930263288 0.0435146725 -0.0023208563 -0.0206461197 -0.0361604458
0.0167231573 0.4782555160 -0.0086165672 -0.0029815892 0.0308026856 0.0227749654 0.0284176057 -0.0111936250 0.0001820555 0.0002091642 0.0000017967 -0.0001182599 -0.0003849417 -0.0001922620 0.0027007771 0.0015330683 0.0026818296 0.0333606102 -0.1118995396 0.0214389498 2.8455660716 2.9555786783 3.3197129126 0.0524173402 0.0001477381 -0.0252955842 -0.0385385065
0.0079720465 0.4696606090 -0.0085117205 -0.0031409519 0.0307809411 0.0228093695 0.0283227180 -0.0112025766 0.0002078635 0.0002480580 0.0000270011 -0.0001474580 -0.0004393245 -0.0002078574 0.0026869262 0.0015473202 0.0026649038 0.0382304695 -0.1274196450 0.0157333007 2.8352377466 2.9739303554 3.3201080942 0.0620940097 0.0051479383 -0.0315590314 -0.0417295900
-0.0007790644 0.4612732370 -0.0085462741 -0.0033849816 0.0307155179 0.0227931955 0.0282479026 -0.0111955168 0.0002395808 0.0002814675 0.0000468401 -0.0001825892 -0.0004973270 -0.0002280084 0.0026695811 0.0015543632 0.0026370617 0.0443178331 -0.1444191202 0.0124105547 2.8290416092 2.9916582558 3.3025993477 0.0705837867 0.0092176668 -0.0391961017 -0.0460092827
-0.0095301752 0.4528121321 -0.0086971205 -0.0034702248 0.0306743871 0.0227637817 0.0282096562 -0.0111787667 0.0002930076 0.0003142228 0.0000481592 -0.0002197204 -0.0005483125 -0.0002373943 0.0026587923 0.0015541319 0.0026208011 0.0544236189 -0.1595635816 0.0176019410 2.8252658439 2.9991675435 3.2913659157 0.0789421328 0.0095174618 -0.0473135939 -0.0479617194
-0.0182812861 0.4443366606 -0.0087186634 -0.0036244545 0.0306205299 0.0227476537 0.0280787154 -0.0111469080 0.0003575983 0.0003507212 0.0000404983 -0.0002651389 -0.0005849401 -0.0002424578 0.0026404026 0.0015547372 0.0026028796 0.0667522643 -0.1704700506 0.0197211129 2.8158384817 3.0050312730 3.3004041755 0.0882384266 0.0079562799 -0.0572701430 -0.0491157552
-0.0270323969 0.4359376416 -0.0086118307 -0.0037125615 0.0305502145 0.0227278733 0.0279351303 -0.0111147220 0.0004081649 0.0003823906 0.0000514292 -0.0003026211 -0.0006168020 -0.0002509943 0.0026189151 0.0015553563 0.0025824254 0.0765045746 -0.1799542284 0.0193892060 2.8058815577 3.0113576094 3.3090480037 0.0963629395 0.0103097071 -0.0655416200 -0.0511162719
-0.0357835078 0.4276062283 -0.0085295693 -0.0035250663 0.0304499034 0.0226912882 0.0277762031 -0.0110790242 0.0004487885 0.0004086552 0.0000733235 -0.0003327669 -0.0006529484 -0.0002684137 0.0025913280 0.0015569170 0.0025555244 0.0845131880 -0.1908224521 0.0228729229 2.7946186258 3.0238028504 3.3125734185 0.1032381382 0.0149334028 -0.0723592933 -0.0551495175
-0.0445346186 0.4194006150 -0.0085038426 -0.0031969586 0.0302991995 0.0226048117 0.0275974904 -0.0109837153 0.0005055395 0.0004386367 0.0001000921 -0.0003683027 -0.0006931690 -0.0002912112 0.0025522924 0.0015571254 0.0025284918 0.0959680716 -0.2036526044 0.0225983811 2.7799612000 3.0470430525 3.3196933336 0.1114789344 0.0205883067 -0.0806677775 -0.0603911304
-0.0532857295 0.4113199814 -0.0084674599 -0.0030377848 0.0301373568 0.0224892939 0.0273994749 -0.0108666679 0.0005844581 0.0004710692 0.0001372300 -0.0004030808 -0.0007230554 -0.0003145187 0.0025073906 0.0015495810 0.0024916540 0.1117806371 -0.2141275971 0.0210958008 2.7603410016 3.0637652817 3.3185009999 0.1206405503 0.0285058254 -0.0889956205 -0.0658757361
-0.0620368404 0.4032960953 -0.0083516119 -0.0032084504 0.0300033258 0.0223476611 0.0271545755 -0.0107693939 0.0006448105 0.0005012747 0.0001771586 -0.0004252164 -0.0007466103 -0.0003396731 0.0024648369 0.0015325230 0.0024621773 0.1240021517 -0.2232834473 0.0277864252 2.7376009414 3.0689624073 3.3377589573 0.1294464349 0.0373179736 -0.0946259974 -0.0720308795
-0.0707879512 0.3953167707 -0.0082462170 -0.0035180229 0.0298495899 0.0221958128 0.0269472153 -0.0106741047 0.0007230934 0.0005305109 0.0002092979 -0.0004450145 -0.0007790519 -0.0003610188 0.0024213546 0.0015170484 0.0024358946 0.1400515519 -0.2354725998 0.0265742407 2.7167644572 3.0798282286 3.3528897242 0.1382749482 0.0445455329 -0.0999408278 -0.0773972064
-0.0795390621 0.3872532019 -0.0081077969 -0.0037518681 0.0296954381 0.0220156528 0.0267429070 -0.0105727606 0.0007938445 0.0005507865 0.0002390012 -0.0004634231 -0.0008050006 -0.0003679657 0.0023861987 0.0015009459 0.0023968251 0.1549805553 -0.2464012381 0.0288797987 2.7050455579 3.0971336244 3.3493078672 0.1451035373 0.0513308929 -0.1050961026 -0.0796583606
-0.0882901729 0.3792725752 -0.0079553823 -0.0039223423 0.0295607431 0.0217973345 0.0264834562 -0.0104573687 0.0008777892 0.0005649666 0.0002553843 -0.0004899985 -0.0008203125 -0.0003890464 0.0023676221 0.0014806372 0.0023611117 0.1726491887 -0.2548468403 0.0369197417 2.7085814321 3.1168502057 3.3649816341 0.1506812657 0.0556828174 -0.1121966766 -0.0852062815
-0.0970412838 0.3714210431 -0.0078679291 -0.0041133108 0.0294165581 0.0215817190 0.0262570590 -0.0103496869 0.0009724104 0.0005868014 0.0002802828 -0.0005226314 -0.0008383947 -0.0004260419 0.0023530444 0.0014603132 0.0023421395 0.1926765077 -0.2642990485 0.0323881566 2.7179784213 3.1361948519 3.3953499671 0.1584541696 0.0619656291 -0.1207964688 -0.0943682334
-0.1057923946 0.3637993464 -0.0078618833 -0.0045091226 0.0292199284 0.0213607202 0.0260146455 -0.0102356318 0.0010720625 0.0006134018 0.0003081028 -0.0005579975 -0.0008648501 -0.0004635447 0.0023270289 0.0014410079 0.0023007009 0.2144847544 -0.2768438667 0.0265453785 2.7238966559 3.1590747821 3.3970250389 0.1679241906 0.0690647677 -0.1304861423 -0.1040366825
-0.1145435055 0.3563505051 -0.0078610087 -0.0050512727 0.0289787733 0.0211461126 0.0257354388 -0.0100938220 0.0011659393 0.0006300839 0.0003306505 -0.0005956166 -0.0008812772 -0.0004867573 0.0022960751 0.0014215325 0.0022551719 0.2361914440 -0.2863068268 0.0243680630 2.7326517004 3.1798832024 3.4030084170 0.1749740352 0.0752286450 -0.1411975749 -0.1108755344
-0.1232946164 0.3488459528 -0.0078537980 -0.0056020866 0.0287037239 0.0209544855 0.0255422476 -0.0099415428 0.0012503469 0.0006447019 0.0003583640 -0.0006380572 -0.0009000710 -0.0005123520 0.0022537864 0.0014050878 0.0022337508 0.2570129823 -0.2963402818 0.0216182185 2.7338791805 3.2011095880 3.4224532496 0.1815712416 0.0826039162 -0.1534670510 -0.1182653856
-0.1320457272 0.3412344424 -0.0077570149 -0.0061640483 0.0284521789 0.0207945102 0.0253187491 -0.0098080498 0.0013364186 0.0006638374 0.0003950964 -0.0006779372 -0.0009279425 -0.0005413215 0.0022201008 0.0013965019 0.0022096994 0.2784322583 -0.3089310060 0.0162958800 2.7408086658 3.2311014132 3.4455093622 0.1893304434 0.0923927241 -0.1651853525 -0.1267517232
-0.1407968381 0.3337116895 -0.0075276895 -0.0065469232 0.0281823328 0.0206525187 0.0250415575 -0.0096993211 0.0014174921 0.0006849966 0.0004306205 -0.0007108171 -0.0009480878 -0.0005645401 0.0021958912 0.0013881199 0.0021754807 0.2996139987 -0.3188266735 0.0169328744 2.7629551080 3.2569202590 3.4679248853 0.1978179696 0.1024279126 -0.1755274953 -0.1343840056
-0.1495479489 0.3262677187 -0.0072286160 -0.0067593390 0.0278515174 0.0204875191 0.0247761042 -0.0095824521 0.0014848199 0.0006960991 0.0004683092 -0.0007344270 -0.0009453444 -0.0005839157 0.0021587310 0.0013697131 0.0021463583 0.3194177702 -0.3218341888 0.0092467515 2.7809086013 3.2671879552 3.4953287661 0.2039970043 0.1134138068 -0.1842445292 -0.1414621254
-0.1582990598 0.3189165467 -0.0070051577 -0.0069964931 0.0275440387 0.0203308181 0.0244225702 -0.0094571453 0.0015545094 0.0006989272 0.0004996414 -0.0007517638 -0.0009494794 -0.0005952315 0.0021367577 0.0013545013 0.0021107142 0.3398846510 -0.3271642511 -0.0009574152 2.8145739783 3.2813559577 3.5370007436 0.2075554580 0.1235519978 -0.1913664731 -0.1470923022
-0.1670501706 0.3117254640 -0.0068607776 -0.0070470428 0.0272173197 0.0202205538 0.0239793477 -0.0093343116 0.0016388785 0.0007003955 0.0005264271 -0.0007681068 -0.0009660908 -0.0006177819 0.0021161119 0.0013519503 0.0020594650 0.3647440469 -0.3356886074 -0.0035166407 2.8549725358 3.3102658101 3.5793936487 0.2103268994 0.1333312047 -0.1984074186 -0.1563289065
-0.1758012815 0.3045676834 -0.0066875553 -0.0069426432 0.0268589333 0.0201178339 0.0235243811 -0.0092209157 0.0017093195 0.0007014711 0.0005486936 -0.0007865570 -0.0009882578 -0.0006332371 0.0020750104 0.0013517973 0.0019907485 0.3881277743 -0.3460369068 -0.0025501458 2.8753660676 3.3427793061 3.5957534650 0.2130597174 0.1424265126 -0.2064693714 -0.1643101109
-0.1845523924 0.2973616595 -0.0065286625 -0.0070275758 0.0265023058 0.0199642537 0.0231557548 -0.0091037515 0.0017425959 0.0007026551 0.0005487899 -0.0007988066 -0.0010094112 -0.0006336416 0.0020356241 0.0013422314 0.0019430449 0.4038334698 -0.3576504477 0.0004879532 2.8979457185 3.3695009517 3.6213954514 0.2163650837 0.1457760758 -0.2133540998 -0.1681869935
-0.1933035032 0.2903046405 -0.0064134799 -0.0073128720 0.0261124709 0.0197306018 0.0228414918 -0.0089584887 0.0017724960 0.0007072930 0.0005567013 -0.0008061778 -0.0010276284 -0.0006272487 0.0019929111 0.0013206455 0.0019043473 0.4200715957 -0.3707023116 0.0066430779 2.9228503455 3.3939625108 3.6474379588 0.2219656391 0.1513182658 -0.2198572745 -0.1702077102
-0.2020546141 0.2832803923 -0.0062750441 -0.0074737595 0.0256625505 0.0194315779 0.0225065388 -0.0087766045 0.0017990986 0.0007112466 0.0005802654 -0.0008140309 -0.0010397913 -0.0006332638 0.0019466465 0.0012936191 0.0018702640 0.4376001832 -0.3839062132 0.0193407028 2.9557773260 3.4281917884 3.6895867466 0.2287888114 0.1616340286 -0.2276999775 -0.1760627909
-0.2108057249 0.2763521752 -0.0061550697 -0.0077172190 0.0251964087 0.0191510854 0.0221589240 -0.0086032865 0.0018265325 0.0007157908 0.0006062387 -0.0008256170 -0.0010516566 -0.0006546156 0.0019055357 0.0012761269 0.0018398781 0.4567439680 -0.3971080491 0.0307634611 3.0013078902 3.4829687352 3.7443676191 0.2360231569 0.1730165355 -0.2370931161 -0.1865659615
-0.2195568358 0.2696059465 -0.0060298445 -0.0080742153 0.0247656155 0.0189192160 0.0217779139 -0.0084578971 0.0018760373 0.0007304135 0.0006225429 -0.0008396241 -0.0010649687 -0.0006725241 0.0018759593 0.0012626381 0.0017985640 0.4815397989 -0.4097625234 0.0318657443 3.0584466647 3.5317255984 3.7892573842 0.2460180759 0.1822613506 -0.2468923246 -0.1966831626
-0.2283079466 0.2628963747 -0.0058156048 -0.0082012640 0.0243242342 0.0187157591 0.0213392489 -0.0083217593 0.0019240133 0.0007413314 0.0006314670 -0.0008525193 -0.0010738226 -0.0006777179 0.0018371291 0.0012473710 0.0017388357 0.5074940658 -0.4199563215 0.0240714163 3.1050477970 3.5652669840 3.8188645360 0.2545837791 0.1903707816 -0.2566583206 -0.2040997487
-0.2370590575 0.2561488632 -0.0055129665 -0.0082378276 0.0239235475 0.0185349930 0.0208919857 -0.0081819713 0.0019631803 0.0007461477 0.0006375502 -0.0008632579 -0.0010790003 -0.0006728128 0.0018074270 0.0012377529 0.0016896626 0.5309886567 -0.4279421119 0.0087181100 3.1584852751 3.6062093941 3.8721861959 0.2606775198 0.1977654841 -0.2656062153 -0.2086112684
-0.2458101683 0.2493601656 -0.0050966453 -0.0080611529 0.0235374826 0.0183288089 0.0204132458 -0.0080191487 0.0020020459 0.0007512442 0.0006359944 -0.0008696696 -0.0010788859 -0.0006639716 0.0017956794 0.0012225419 0.0016329278 0.5549733589 -0.4348605207 0.0016024664 3.2418628328 3.6418461862 3.9192111086 0.2674884453 0.2033771544 -0.2736473006 -0.2123074732
-0.2545612792 0.2427435762 -0.0046773865 -0.0077976896 0.0230677034 0.0180921917 0.0200425029 -0.0078459122 0.0020319336 0.0007504573 0.0006349335 -0.0008652502 -0.0010822844 -0.0006681491 0.0017678408 0.0012042965 0.0015928277 0.5807829558 -0.4447322448 0.0001762290 3.3232141076 3.6825845724 3.9652843368 0.2735010416 0.2090728420 -0.2797718050 -0.2198412614
-0.2633123901 0.2362554529 -0.0043653510 -0.0077323616 0.0225242632 0.0178192539 0.0197100086 -0.0076602198 0.0020012051 0.0007392685 0.0006290375 -0.0008526859 -0.0010852716 -0.0006714659 0.0017177965 0.0011823815 0.0015651771 0.5928820109 -0.4564895953 -0.0026402781 3.3866708122 3.7289677797 4.0282644903 0.2769770271 0.2133729396 -0.2845974632 -0.2274054843
-0.2720635009 0.2298508670 -0.0041226791 -0.0080758676 0.0219569216 0.0175517721 0.0193325492 -0.0074897828 0.0019603601 0.0007306895 0.0006262296 -0.0008489698 -0.0010899005 -0.0006623690 0.0016682187 0.0011607001 0.0015129044 0.6034719672 -0.4692132883 -0.0025747720 3.4617177367 3.7747544011 4.0471677394 0.2817605604 0.2191992694 -0.2930340767 -0.2317986970
-0.2808146118 0.2234650031 -0.0039322348 -0.0085474158 0.0214013787 0.0173025829 0.0189177354 -0.0073377779 0.0019264168 0.0007311670 0.0006193198 -0.0008548923 -0.0010892056 -0.0006559446 0.0016224183 0.0011380589 0.0014560646 0.6164779376 -0.4793896593 0.0055191700 3.5459283954 3.8097797299 4.0695257475 0.2900153841 0.2244296500 -0.3051271327 -0.2376644271
-0.2895657226 0.2171534585 -0.0037739772 -0.0089175340 0.0209154426 0.0170630098 0.0185017685 -0.0071696238 0.0018864413 0.0007384043 0.0005982683 -0.0008647183 -0.0010965817 -0.0006619693 0.0015829515 0.0011168226 0.0014215571 0.6249896599 -0.4929389159 0.0058495970 3.6235857628 3.8449861511 4.1535196536 0.3005728925 0.2242656395 -0.3180821151 -0.2481630808
-0.2983168335 0.2110542246 -0.0035667171 -0.0090234482 0.0204713868 0.0168094833 0.0181150139 -0.0069953566 0.0018483397 0.0007499100 0.0005841103 -0.0008667391 -0.0011060163 -0.0006584082 0.0015454025 0.0010950229 0.0013887782 0.6325695468 -0.5082768185 0.0011034206 3.6934815528 3.8846990975 4.2322497102 0.3131911463 0.2257783960 -0.3282514947 -0.2551480688
-0.3070679443 0.2050695637 -0.0033186757 -0.0090506153 0.0199453120 0.0165175727 0.0177429451 -0.0068070919 0.0018050688 0.0007507525 0.0005747395 -0.0008582165 -0.0011042191 -0.0006466019 0.0014949726 0.0010697255 0.0013482258 0.6422690094 -0.5207147411 -0.0050989904 3.7645884501 3.9309118010 4.2824196505 0.3232501816 0.2295284186 -0.3364445877 -0.2593231022
-0.3158190552 0.1991483531 -0.0030262130 -0.0089342296 0.0194146494 0.0162263065 0.0173284187 -0.0066166285 0.0017579228 0.0007473026 0.0005483453 -0.0008491740 -0.0010978760 -0.0006350479 0.0014431595 0.0010460005 0.0012957969 0.6510296079 -0.5314946572 -0.0066218473 3.8360278138 3.9836276230 4.3156447314 0.3320698588 0.2271243949 -0.3450061603 -0.2642839198
-0.3245701661 0.1932839815 -0.0027449610 -0.0085832948 0.0189200046 0.0159229210 0.0168680427 -0.0064267530 0.0017027082 0.0007433306 0.0005166244 -0.0008380124 -0.0010933769 -0.0006265055 0.0013980522 0.0010223679 0.0012477114 0.6549829362 -0.5444207281 -0.0001424954 3.9123484721 4.0438491976 4.3856478512 0.3411168763 0.2225964048 -0.3527893453 -0.2711661679
-0.3333212769 0.1874805330 -0.0025338022 -0.0082471991 0.0184218257 0.0155981242 0.0164019461 -0.0062218028 0.0016455920 0.0007352672 0.0004803947 -0.0008249182 -0.0010794032 -0.0006151827 0.0013546379 0.0009965233 0.0012007036 0.6584034596 -0.5543469098 0.0052014231 3.9978385612 4.1078313017 4.4634645021 0.3493344364 0.2158575652 -0.3607597914 -0.2775919517
-0.3420723878 0.1817346427 -0.0022947919 -0.0082956192 0.0178974795 0.0152560711 0.0160027677 -0.0060045059 0.0015831891 0.0007172049 0.0004526418 -0.0007994720 -0.0010598488 -0.0005984750 0.0013028993 0.0009647704 0.0011586023 0.6607722435 -0.5626381774 0.0180340723 4.0744039149 4.1580358977 4.5255823073 0.3538056956 0.2116180309 -0.3642492196 -0.2809517496
-0.3508234986 0.1762079392 -0.0020206645 -0.0086583739 0.0173942180 0.0149540169 0.0155734231 -0.0058010579 0.0015309804 0.0006985654 0.0004282094 -0.0007740350 -0.0010539369 -0.0005731607 0.0012608901 0.0009387268 0.0011077018 0.6664197619 -0.5765963466 0.0234204725 4.1757887663 4.2123565605 4.5728905922 0.3567463893 0.2085168579 -0.3668016844 -0.2807386863
-0.3595746095 0.1709935834 -0.0017587142 -0.0090081331 0.0169005850 0.0146878812 0.0151705693 -0.0056146113 0.0014753431 0.0006863407 0.0003985551 -0.0007507358 -0.0010631007 -0.0005437909 0.0012161380 0.0009227374 0.0010564060 0.6703322494 -0.5973359367 0.0169916664 4.2656619825 4.2924770484 4.5990652321 0.3621919444 0.2015102654 -0.3698595412 -0.2770729862
-0.3683257203 0.1659349922 -0.0015142504 -0.0091748965 0.0164460230 0.0144187690 0.0148321915 -0.0054349894 0.0014273397 0.0006742758 0.0003657751 -0.0007388798 -0.0010575975 -0.0005226019 0.0011737023 0.0009036680 0.0010109550 0.6750068369 -0.6105415627 0.0131595434 4.3498867068 4.3619290404 4.6016325272 0.3676657608 0.1910145980 -0.3778311983 -0.2757597602
-0.3770768312 0.1608519228 -0.0012031383 -0.0092844937 0.0160467610 0.0141412510 0.0144876581 -0.0052655315 0.0013832738 0.0006634369 0.0003316068 -0.0007271292 -0.0010411344 -0.0005021328 0.0011434499 0.0008811863 0.0009769999 0.6790807865 -0.6190472237 0.0177206693 4.4561750234 4.4241498156 4.6587949054 0.3739016571 0.1786860893 -0.3853731250 -0.2743745129
-0.3858279421 0.1558953016 -0.0008230585 -0.0094618180 0.0156429397 0.0138637316 0.0140870802 -0.0051037022 0.0013319258 0.0006549923 0.0002971735 -0.0007093764 -0.0010349728 -0.0004811236 0.0011066097 0.0008597386 0.0009369715 0.6799313333 -0.6340813949 0.0151341705 4.5412569050 4.4917210521 4.7216917560 0.3812911601 0.1662229760 -0.3897894406 -0.2734040078
-0.3945790529 0.1509399845 -0.0005247404 -0.0095756306 0.0152605949 0.0135907992 0.0136849439 -0.0049474455 0.0012735584 0.0006454768 0.0002609549 -0.0006926222 -0.0010395184 -0.0004526730 0.0010760667 0.0008403085 0.0008922877 0.6739276944 -0.6563643644 0.0167277660 4.6412337704 4.5689067866 4.7605174171 0.3878116784 0.1513408716 -0.3937698379 -0.2677203746
-0.4033301638 0.1461377085 -0.0003638320 -0.0097507968 0.0148549145 0.0133265849 0.0133548142 -0.0047912991 0.0012183937 0.0006308062 0.0002282022 -0.0006718088 -0.0010428465 -0.0004278131 0.0010451803 0.0008214963 0.0008614522 0.6698565971 -0.6786479002 0.0168509264 4.7558064143 4.6483295961 4.8282257654 0.3917380373 0.1367734632 -0.3959670927 -0.2626539657
-0.4120812746 0.1415141009 -0.0001838645 -0.0099107189 0.0144432516 0.0130725391 0.0130623918 -0.0046299596 0.0011610164 0.0006104317 0.0002077241 -0.0006439904 -0.0010427167 -0.0004145185 0.0010108838 0.0008038737 0.0008272578 0.6636546484 -0.6986214352 0.0220219006 4.8628175936 4.7309717720 4.8496025936 0.3920081031 0.1283526473 -0.3936768529 -0.2639614906
-0.4208323855 0.1371365356 0.0000057315 -0.0098719154 0.0140276209 0.0128123201 0.0127791536 -0.0044653390 0.0011019009 0.0005927349 0.0001877545 -0.0006164830 -0.0010405749 -0.0004111792 0.0009630816 0.0007876952 0.0007945493 0.6564010303 -0.7181702012 0.0247316284 4.9100670705 4.8278191396 4.8693398315 0.3937723678 0.1192354781 -0.3912967084 -0.2713693559
-0.4295834963 0.1328606477 0.0002444304 -0.0098657785 0.0136186874 0.0125618950 0.0125185420 -0.0043073492 0.0010314074 0.0005756990 0.0001731916 -0.0005886391 -0.0010340033 -0.0004134576 0.0009097814 0.0007712196 0.0007688025 0.6415789719 -0.7347408898 0.0344755179 4.9204531003 4.9194371141 4.9040887383 0.3957179242 0.1132654328 -0.3883810318 -0.2822826457
-0.4383346072 0.1285823984 0.0005247240 -0.0100333339 0.0132333010 0.0123177252 0.0122293596 -0.0041613498 0.0009571834 0.0005614772 0.0001632238 -0.0005582611 -0.0010243054 -0.0004101571 0.0008610158 0.0007514654 0.0007401088 0.6207833478 -0.7495712806 0.0312015746 4.9306990566 4.9865048535 4.9394329457 0.3994126087 0.1103252716 -0.3827144125 -0.2905471362
-0.4470857180 0.1244237959 0.0008069242 -0.0102666344 0.0128578732 0.0120297012 0.0118707035 -0.0040202249 0.0008893941 0.0005537261 0.0001506199 -0.0005289164 -0.0010176120 -0.0003959401 0.0008150053 0.0007296595 0.0007054236 0.6017526994 -0.7718314181 0.0207637494 4.9407406787 5.0739967274 4.9899286027 0.4094025228 0.1057345182 -0.3776834826 -0.2928745845
-0.4558368289 0.1203556413 0.0010469289 -0.0105477621 0.0124992671 0.0117344839 0.0115587149 -0.0038793853 0.0008331769 0.0005391488 0.0001267818 -0.0004988879 -0.0010017647 -0.0003762667 0.0007775373 0.0007060509 0.0006683490 0.5881970394 -0.7885784637 0.0244908573 4.9909542996 5.1581583771 4.9847894399 0.4143649049 0.0915256728 -0.3704692711 -0.2895654560
-0.4645879398 0.1162078793 0.0011880987 -0.0107661480 0.0121547927 0.0114410916 0.0113168941 -0.0037189258 0.0007620695 0.0005167622 0.0001047875 -0.0004742494 -0.0009827006 -0.0003633968 0.0007365915 0.0006811604 0.0006466976 0.5598153471 -0.8039930229 0.0432558860 4.9959358272 5.2362173622 5.0215118478 0.4131262993 0.0769398113 -0.3667074371 -0.2888728412
-0.4733390506 0.1120464686 0.0013122300 -0.0108957853 0.0118337750 0.0111581315 0.0111400491 -0.0035644129 0.0006998216 0.0004960986 0.0000921584 -0.0004500866 -0.0009692175 -0.0003619797 0.0007008112 0.0006607338 0.0006330430 0.5326221432 -0.8238938468 0.0562075135 5.0098106816 5.3420549843 5.0749188887 0.4123594030 0.0686955385 -0.3617135997 -0.2964666868
-0.4820901615 0.1080142118 0.0014222516 -0.0111469288 0.0115427914 0.0108832490 0.0109271801 -0.0034170387 0.0006392009 0.0004738511 0.0000831528 -0.0004251993 -0.0009554014 -0.0003561387 0.0006675526 0.0006407165 0.0006116970 0.5019778794 -0.8441440691 0.0635020271 5.0063339385 5.4473278689 5.1086930479 0.4088971541 0.0632250736 -0.3542767785 -0.3020920267
-0.4908412723 0.1041748168 0.0015217132 -0.0115477283 0.0112621718 0.0105927537 0.0106495990 -0.0032636948 0.0005766157 0.0004538138 0.0000712547 -0.0004020920 -0.0009367824 -0.0003413924 0.0006329874 0.0006166428 0.0005844510 0.4667675289 -0.8623769803 0.0521314215 4.9761912544 5.5352488461 5.1481709983 0.4067823901 0.0549059484 -0.3474152024 -0.3012163767
-0.4995923832 0.1003747711 0.0016603890 -0.0117704458 0.0109955736 0.0103068078 0.0103735138 -0.0030952884 0.0005073750 0.0004373692 0.0000559774 -0.0003801055 -0.0009199336 -0.0003297975 0.0005957348 0.0005950833 0.0005536144 0.4222930101 -0.8818985468 0.0353904287 4.9000649454 5.6391332889 5.1404712617 0.4066298194 0.0422398129 -0.3404984532 -0.3025519772
-0.5083434940 0.0966892227 0.0018130639 -0.0118595873 0.0107141111 0.0100227882 0.0101593243 -0.0029322423 0.0004491281 0.0004213646 0.0000350933 -0.0003593843 -0.0009060409 -0.0003198594 0.0005580580 0.0005767253 0.0005287663 0.3862914647 -0.9047957636 0.0334117277 4.8286265031 5.7735198564 5.1194031133 0.4067584501 0.0239091181 -0.3344510771 -0.3042496827
-0.5170946049 0.0931363022 0.0020351635 -0.0119726208 0.0104571671 0.0097178240 0.0099305118 -0.0027924516 0.0004012569 0.0004063051 0.0000169590 -0.0003431662 -0.0008811077 -0.0003079745 0.0005259809 0.0005531148 0.0005008531 0.3560403279 -0.9217188412 0.0257512949 4.7731668190 5.8893201838 5.0736392862 0.4087785951 0.0082440773 -0.3322226552 -0.3034188970
-0.5258457158 0.0897114939 0.0022942561 -0.0121604440 0.0102261458 0.0094212196 0.0096576086 -0.0026752679 0.0003608145 0.0003927920 0.0000039171 -0.0003262738 -0.0008537386 -0.0002957860 0.0004988442 0.0005302462 0.0004710231 0.3289534595 -0.9363622848 0.0300015129 4.7295671217 6.0106707319 5.0325801122 0.4118570474 -0.0033519278 -0.3277022297 -0.3028933174
-0.5345968266 0.0862901901 0.0025307794 -0.0122260549 0.0100304374 0.0091171473 0.0093936947 -0.0025644269 0.0003270056 0.0003808711 -0.0000191523 -0.0003090746 -0.0008278826 -0.0002746854 0.0004779670 0.0005082636 0.0004409577 0.3049281625 -0.9544907185 0.0444038712 4.7067720609 6.1570191298 4.9760268700 0.4163619574 -0.0271839202 -0.3210743563 -0.2923893031
-0.5433479375 0.0829388574 0.0027837489 -0.0122325241 0.0098163615 0.0088107962 0.0091851124 -0.0024467850 0.0002938162 0.0003658858 -0.0000438176 -0.0002891601 -0.0007972139 -0.0002586961 0.0004549336 0.0004851207 0.0004233447 0.2826214700 -0.9669684898 0.0513706547 4.6767108549 6.2913030991 4.9987507133 0.4182343449 -0.0547303783 -0.3117138577 -0.2843311659
-0.5520990483 0.0796831188 0.0029452894 -0.0124144639 0.0095890845 0.0085264569 0.0090305952 -0.0023395975 0.0002560374 0.0003508656 -0.0000474602 -0.0002736255 -0.0007649572 -0.0002569883 0.0004325140 0.0004610272 0.0004110939 0.2548938037 -0.9738882133 0.0384674418 4.6610906658 6.3814528207 5.0237616454 0.4192648102 -0.0611757280 -0.3067853686 -0.2900026279
-0.5608501592 0.0765834199 0.0031180327 -0.0125051226 0.0093437662 0.0082682694 0.0088927359 -0.0022439731 0.0002258643 0.0003385621 -0.0000516602 -0.0002610338 -0.0007410857 -0.0002558350 0.0004109913 0.0004408759 0.0004016735 0.2330924179 -0.9880637471 0.0272823598 4.6631776193 6.4870081178 5.0659918731 0.4221795958 -0.0672148513 -0.3044534037 -0.2977160006
-0.5696012700 0.0734295339 0.0033348929 -0.0125279447 0.0091203215 0.0080139383 0.0087367817 -0.0021377144 0.0001947001 0.0003235934 -0.0000558859 -0.0002468142 -0.0007182882 -0.0002468413 0.0003911757 0.0004211485 0.0003894649 0.2061991185 -1.0036638317 0.0266699897 4.6517673069 6.5935552569 5.0981923413 0.4204963865 -0.0731159095 -0.2987153473 -0.2959411133
-0.5783523809 0.0704530245 0.0035419667 -0.0127017832 0.0088913341 0.0077611233 0.0085338903 -0.0020360699 0.0001667205 0.0003095260 -0.0000612549 -0.0002308407 -0.0006958176 -0.0002361862 0.0003696018 0.0004022875 0.0003758051 0.1822844266 -1.0199128620 0.0586258388 4.6240932811 6.7141110932 5.1586926054 0.4197665448 -0.0822269073 -0.2905326902 -0.2934043062
-0.5871034918 0.0675023658 0.0037543473 -0.0129721458 0.0087040576 0.0075170912 0.0083380262 -0.0019361760 0.0001440523 0.0002984671 -0.0000729645 -0.0002192327 -0.0006785575 -0.0002244366 0.0003517147 0.0003858962 0.0003596705 0.1629569419 -1.0419567768 0.0904565866 4.5975824233 6.8587896347 5.1695506864 0.4217720933 -0.1007371109 -0.2859791540 -0.2884294577
-0.5958546026 0.0646211199 0.0040710645 -0.0130757525 0.0085199328 0.0072775274 0.0081777215 -0.0018377643 0.0001288474 0.0002859361 -0.0000780872 -0.0002083507 -0.0006586261 -0.0002135937 0.0003340886 0.0003709006 0.0003411602 0.1508795269 -1.0591858790 0.0841339533 4.5624605910 7.0237241873 5.0959251916 0.4216565066 -0.1107617358 -0.2819418850 -0.2821874444
-0.6046057135 0.0617967936 0.0043461547 -0.0128880462 0.0083463968 0.0070383964 0.0080350915 -0.0017297441 0.0001132330 0.0002733013 -0.0000860411 -0.0002036951 -0.0006331526 -0.0002070383 0.0003185777 0.0003549329 0.0003289650 0.1356303182 -1.0685532748 0.0746866143 4.5304259393 7.1834413639 5.0933222178 0.4209499303 -0.1240837126 -0.2857892787 -0.2812237256
-0.6133568243 0.0591949550 0.0046025671 -0.0127981121 0.0081506542 0.0067926746 0.0078867977 -0.0016395712 0.0000922677 0.0002637856 -0.0000950473 -0.0001949011 -0.0006078978 -0.0001997629 0.0003023339 0.0003383708 0.0003191825 0.1114927235 -1.0795672315 0.0788846093 4.5007877806 7.3526268284 5.1403933817 0.4248927578 -0.1398303223 -0.2843988721 -0.2803065313
-0.6221079352 0.0566587695 0.0047928056 -0.0129392228 0.0079425836 0.0065693861 0.0077189004 -0.0015416533 0.0000625313 0.0002507277 -0.0000952541 -0.0001826848 -0.0005902680 -0.0001921521 0.0002841017 0.0003254376 0.0003046568 0.0746430830 -1.1005560775 0.0951634222 4.4523667254 7.5658667121 5.1274000685 0.4220485287 -0.1437994387 -0.2773728332 -0.2795410716
-0.6308590460 0.0542008650 0.0049390023 -0.0131911378 0.0077414105 0.0063553312 0.0075630305 -0.0014542811 0.0000374532 0.0002386492 -0.0000890422 -0.0001703965 -0.0005760188 -0.0001856572 0.0002661687 0.0003128314 0.0002933624 0.0424519977 -1.1291022784 0.1074110892 4.3922816323 7.7785185002 5.1399180518 0.4204997873 -0.1383153783 -0.2692794265 -0.2796461468
-0.6396101569 0.0518711232 0.0050318166 -0.0134699612 0.0075736068 0.0061580713 0.0074414443 -0.0013822239 0.0000221671 0.0002263630 -0.0000888126 -0.0001616995 -0.0005662531 -0.0001790621 0.0002521433 0.0003010000 0.0002885821 0.0219288704 -1.1646309046 0.1126743787 4.3508757476 7.9757135387 5.2152859573 0.4164184362 -0.1407664853 -0.2648096666 -0.2771514174
-0.6483612677 0.0495385871 0.0050839984 -0.0135957532 0.0074149452 0.0059800562 0.0072897526 -0.0013118331 0.0000064945 0.0002167584 -0.0000918535 -0.0001531371 -0.0005613237 -0.0001727087 0.0002379097 0.0002922999 0.0002760582 -0.0010071010 -1.2073953267 0.1199136753 4.2865498462 8.2137508076 5.1963030078 0.4146520965 -0.1495853084 -0.2597164912 -0.2749997312
-0.6571123786 0.0471790834 0.0051542479 -0.0135412507 0.0072692773 0.0058012522 0.0071097493 -0.0012353511 -0.0000067260 0.0002092230 -0.0000980218 -0.0001475136 -0.0005575645 -0.0001684131 0.0002244665 0.0002845217 0.0002563454 -0.0215231443 -1.2555567793 0.1222402623 4.2084522264 8.4910821499 5.0739835540 0.4150091774 -0.1650915394 -0.2585534660 -0.2771656157
-0.6658634895 0.0448335205 0.0052735355 -0.0134663536 0.0071447342 0.0056152797 0.0069439508 -0.0011557535 -0.0000190687 0.0001968869 -0.0001063250 -0.0001432405 -0.0005429767 -0.0001636723 0.0002139605 0.0002733583 0.0002413240 -0.0420130850 -1.2810475257 0.1285850857 4.1515292167 8.6987898486 5.0042957928 0.4042992937 -0.1847566535 -0.2587555991 -0.2785837067
-0.6746146003 0.0426317837 0.0053989253 -0.0134233055 0.0070176840 0.0054216110 0.0067945829 -0.0010866460 -0.0000308352 0.0001833419 -0.0001098820 -0.0001361890 -0.0005186519 -0.0001545414 0.0002067918 0.0002598487 0.0002318267 -0.0628706543 -1.2845608379 0.1318912505 4.1593400033 8.8508575923 5.0056300901 0.3915550015 -0.1962974605 -0.2540971868 -0.2713653607
-0.6833657112 0.0405525088 0.0055184015 -0.0133932650 0.0068827175 0.0052192976 0.0066627337 -0.0010232499 -0.0000447453 0.0001709720 -0.0001111656 -0.0001282584 -0.0004931876 -0.0001493489 0.0001957772 0.0002457821 0.0002231279 -0.0893505052 -1.2858588474 0.1258488119 4.0891022771 9.0071844305 5.0060446641 0.3817702640 -0.2045011465 -0.2477000918 -0.2690015137
-0.6921168220 0.0384460675 0.0055985289 -0.0132655341 0.0067545647 0.0050193554 0.0065565776 -0.0009483716 -0.0000612108 0.0001559337 -0.0001137257 -0.0001202255 -0.0004728938 -0.0001473772 0.0001829771 0.0002336287 0.0002169674 -0.1218878729 -1.3009520913 0.1239429172 3.9626658537 9.2289907425 5.0168071129 0.3633557404 -0.2149624218 -0.2406504191 -0.2711556219
-0.7008679329 0.0364172776 0.0056149523 -0.0131689997 0.0066327608 0.0048189833 0.0064741681 -0.0008718046 -0.0000766799 0.0001413954 -0.0001155720 -0.0001118394 -0.0004548945 -0.0001447366 0.0001715744 0.0002220939 0.0002109494 -0.1536960963 -1.3297741718 0.1295024697 3.8509360589 9.5075210387 4.9886874680 0.3442307933 -0.2235518654 -0.2319662720 -0.2712557257
-0.7096190437 0.0345923642 0.0056223290 -0.0131838006 0.0065252464 0.0046369424 0.0063457165 -0.0008037743 -0.0000856263 0.0001292009 -0.0001156014 -0.0001043179 -0.0004424507 -0.0001391069 0.0001632802 0.0002128272 0.0002028675 -0.1739530618 -1.3697327528 0.1172639920 3.7851847670 9.8150588764 4.9710017320 0.3289505956 -0.2299910329 -0.2239719801 -0.2671611119
-0.7183701546 0.0328603125 0.0057032373 -0.0131130226 0.0064346262 0.0044720725 0.0061752932 -0.0007427680 -0.0000941694 0.0001178840 -0.0001154838 -0.0000967324 -0.0004318702 -0.0001291039 0.0001564207 0.0002035318 0.0001931224 -0.1931065034 -1.4101630336 0.0991091547 3.7305970698 10.0600827807 4.9877107123 0.3135395859 -0.2369772773 -0.2150798490 -0.2562854612
-0.7271212655 0.0311413654 0.0058699002 -0.0128979161 0.0063331817 0.0043088337 0.0060364456 -0.0006863810 -0.0000973641 0.0001070347 -0.0001118005 -0.0000898438 -0.0004141625 -0.0001187042 0.0001508280 0.0001917220 0.0001838506 -0.2029721334 -1.4307032118 0.0919371802 3.7147141516 10.2115987953 4.9695773625 0.2982427228 -0.2361616546 -0.2071184975 -0.2432343430
-0.7358723763 0.0295221905 0.0060023759 -0.0127911613 0.0062227977 0.0041544268 0.0058983689 -0.0006423493 -0.0000966456 0.0000991507 -0.0001111661 -0.0000861026 -0.0003958546 -0.0001135247 0.0001461163 0.0001811428 0.0001716521 -0.2064433311 -1.4456842655 0.0949489956 3.7272181173 10.3841850333 4.8642090636 0.2881083288 -0.2420545583 -0.2054628890 -0.2397907293
-0.7446234872 0.0280003035 0.0060944766 -0.0127149364 0.0061239846 0.0039930507 0.0057682658 -0.0005996863 -0.0000970366 0.0000914832 -0.0001105077 -0.0000839634 -0.0003748627 -0.0001058697 0.0001415542 0.0001694785 0.0001621385 -0.2112829628 -1.4560683451 0.0939360764 3.7318325384 10.5350138946 4.8073130101 0.2768216685 -0.2482348177 -0.2076581264 -0.2300261309
-0.7533745980 0.0265198143 0.0061751998 -0.0125679338 0.0060301489 0.0038362849 0.0056148456 -0.0005561725 -0.0000974373 0.0000831314 -0.0001070585 -0.0000803047 -0.0003556622 -0.0000947716 0.0001372919 0.0001584755 0.0001503040 -0.2156487183 -1.4689642570 0.0784330863 3.7397502044 10.6834522702 4.7100163072 0.2628232486 -0.2497563733 -0.2063128182 -0.2138486393
-0.7621257089 0.0251104555 0.0062830175 -0.0124745069 0.0059132723 0.0036818354 0.0054757055 -0.0005138222 -0.0000978266 0.0000761659 -0.0001050523 -0.0000746184 -0.0003404869 -0.0000851253 0.0001321698 0.0001503577 0.0001433077 -0.2215771932 -1.4932870272 0.0813587364 3.7500706756 10.9768351878 4.7032015265 0.2538480383 -0.2526266682 -0.2003288467 -0.1996940669
-0.7708768197 0.0236811725 0.0063619626 -0.0123397099 0.0057916089 0.0035302118 0.0053770035 -0.0004617703 -0.0001050462 0.0000678311 -0.0001035321 -0.0000695572 -0.0003259549 -0.0000783444 0.0001239839 0.0001431502 0.0001405924 -0.2439724796 -1.5211801970 0.0892538532 3.6699154437 11.3603400574 4.7648917028 0.2400955241 -0.2549394549 -0.1959269287 -0.1888867492
-0.7796279306 0.0223261619 0.0064550052 -0.0122020170 0.0056806286 0.0033727921 0.0053106537 -0.0004219031 -0.0001107928 0.0000607759 -0.0001007528 -0.0000642014 -0.0003074388 -0.0000763799 0.0001167495 0.0001348192 0.0001367092 -0.2636467795 -1.5345873969 0.0783778097 3.5932629819 11.7243770806 4.7576853071 0.2271950930 -0.2531769118 -0.1891652524 -0.1874253068
-0.7883790415 0.0210263107 0.0065165398 -0.0121887185 0.0055828255 0.0032255106 0.0052541983 -0.0003821183 -0.0001123779 0.0000555131 -0.0000974713 -0.0000614978 -0.0002912308 -0.0000750191 0.0001109279 0.0001273404 0.0001319290 -0.2734443591 -1.5504833493 0.0725318331 3.5386859701 12.0797271298 4.7036507161 0.2176841190 -0.2488117128 -0.1886224006 -0.1876041266
-0.7971301523 0.0197323208 0.0066003407 -0.0120545364 0.0055056705 0.0030866043 0.0051577843 -0.0003375056 -0.0001170087 0.0000507573 -0.0000944886 -0.0000590605 -0.0002759432 -0.0000712913 0.0001058829 0.0001199860 0.0001268083 -0.2899505595 -1.5641590219 0.0772651460 3.4765897878 12.3880922299 4.7082174870 0.2081114662 -0.2469746550 -0.1878499702 -0.1834308568
-0.8058812632 0.0186112056 0.0067878951 -0.0117962823 0.0054142644 0.0029462083 0.0050448049 -0.0002979379 -0.0001174388 0.0000469098 -0.0000918929 -0.0000555682 -0.0002563885 -0.0000695427 0.0001019283 0.0001109798 0.0001211823 -0.2987359385 -1.5536731235 0.0671468673 3.4578623211 12.5395630949 4.7145307446 0.2020735948 -0.2475600625 -0.1836796051 -0.1848021081
-0.8146323740 0.0175721179 0.0069860788 -0.0115160021 0.0053300815 0.0028103111 0.0049517280 -0.0002696174 -0.0001134778 0.0000446283 -0.0000924612 -0.0000518512 -0.0002373615 -0.0000700892 0.0000993492 0.0001018819 0.0001165763 -0.2965574103 -1.5423416148 0.0481143035 3.4717966577 12.6510111463 4.7165008855 0.2012579301 -0.2549288106 -0.1777215700 -0.1917025083
-0.8233834849 0.0164793599 0.0071124726 -0.0111832316 0.0052468185 0.0026977696 0.0048380826 -0.0002465559 -0.0001116974 0.0000408569 -0.0000916928 -0.0000492392 -0.0002249183 -0.0000653195 0.0000966779 0.0000956628 0.0001083702 -0.2994767773 -1.5515857984 0.0504448498 3.4815098626 12.8648794919 4.5935906626 0.1927733223 -0.2602954137 -0.1743922907 -0.1839305341
-0.8321345957 0.0154329516 0.0072101158 -0.0108452600 0.0051409425 0.0025890096 0.0047418042 -0.0002247336 -0.0001122430 0.0000360736 -0.0000877215 -0.0000464222 -0.0002143713 -0.0000602580 0.0000921357 0.0000901114 0.0001019545 -0.3095990532 -1.5765215391 0.0566408732 3.4563499996 13.1405012533 4.4901676514 0.1783199322 -0.2568327474 -0.1717076587 -0.1752505327
-0.8408857066 0.0144853499 0.0072918577 -0.0106201857 0.0050367894 0.0024832311 0.0046385612 -0.0002015658 -0.0001139025 0.0000323989 -0.0000846764 -0.0000445673 -0.0002052789 -0.0000568347 0.0000874068 0.0000848883 0.0000945158 -0.3220269122 -1.6129601025 0.0656186542 3.4263695132 13.4733715606 4.3518335040 0.1678840380 -0.2552901616 -0.1731245158 -0.1706789031
-0.8496368174 0.0136156666 0.0073805719 -0.0104914826 0.0049508405 0.0023806645 0.0045391268 -0.0001840976 -0.0001165402 0.0000309790 -0.0000811052 -0.0000425600 -0.0001985766 -0.0000539511 0.0000827703 0.0000807538 0.0000893178 -0.3366370248 -1.6633105685 0.0555684813 3.3675338567 13.9703168502 4.2833172574 0.1674085152 -0.2522822795 -0.1728458199 -0.1659633079
-0.8583879283 0.0127666205 0.0074732568 -0.0103941032 0.0048692720 0.0022733476 0.0044495590 -0.0001637527 -0.0001185293 0.0000298158 -0.0000768502 -0.0000404500 -0.0001899899 -0.0000499862 0.0000782424 0.0000763609 0.0000847276 -0.3507472949 -1.7033796868 0.0352753825 3.2927297325 14.4633683971 4.2193529019 0.1684430595 -0.2467114285 -0.1712667884 -0.1573507944
-0.8671390392 0.0118341776 0.0075847993 -0.0101059769 0.0047859078 0.0021631851 0.0043545964 -0.0001363926 -0.0001209699 0.0000275080 -0.0000749520 -0.0000377379 -0.0001799810 -0.0000457756 0.0000743719 0.0000714431 0.0000812502 -0.3674268295 -1.7297462129 0.0232745322 3.2379905205 14.8700158223 4.2232170031 0.1633109663 -0.2481987873 -0.1662219416 -0.1484454264
-0.8758901500 0.0109174078 0.0077221128 -0.0097028186 0.0046956055 0.0020618454 0.0042743934 -0.0001061965 -0.0001240535 0.0000241468 -0.0000740800 -0.0000349052 -0.0001703787 -0.0000403351 0.0000703399 0.0000671632 0.0000775176 -0.3877927453 -1.7510844650 0.0119540632 3.1806820727 15.3037244506 4.1961065161 0.1516867825 -0.2522373408 -0.1603925539 -0.1347977700
-0.8846412609 0.0101320723 0.0078194892 -0.0094769150 0.0045911442 0.0019742052 0.0041930984 -0.0000788841 -0.0001251649 0.0000197686 -0.0000715942 -0.0000325392 -0.0001613350 -0.0000375330 0.0000664944 0.0000632728 0.0000733080 -0.4049402013 -1.7671171406 -0.0036166314 3.1433934586 15.7114363515 4.1216459933 0.1298930192 -0.2519573316 -0.1564250735 -0.1294569299
-0.8933923717 0.0094878178 0.0078680905 -0.0093780469 0.0044918824 0.0018859544 0.0041287202 -0.0000623884 -0.0001227926 0.0000165634 -0.0000682596 -0.0000311910 -0.0001513359 -0.0000374014 0.0000637066 0.0000588521 0.0000709461 -0.4105327616 -1.7724919055 -0.0076292377 3.1439792078 15.9623114207 4.1066863223 0.1113227328 -0.2472790075 -0.1567459175 -0.1333457959
-0.9021434826 0.0088481661 0.0079019774 -0.0092019665 0.0044165015 0.0017976311 0.0040720438 -0.0000517978 -0.0001188366 0.0000145506 -0.0000666294 -0.0000303751 -0.0001417800 -0.0000357154 0.0000620205 0.0000549055 0.0000707186 -0.4074115393 -1.7774253660 -0.0081458703 3.1657244547 16.3160164487 4.1856268621 0.0994250578 -0.2474278088 -0.1584205746 -0.1291821519
-0.9108945934 0.0081994656 0.0079781593 -0.0088868386 0.0043475758 0.0017090955 0.0039993124 -0.0000397270 -0.0001130716 0.0000135721 -0.0000664144 -0.0000301791 -0.0001302715 -0.0000332871 0.0000610671 0.0000492629 0.0000684740 -0.3972129633 -1.7542279048 -0.0090242328 3.2150502802 16.1617219704 4.1701708224 0.0967340512 -0.2526331012 -0.1633513266 -0.1218544177
-0.9196457043 0.0074876864 0.0080275832 -0.0084214976 0.0042813554 0.0016342431 0.0039130510 -0.0000287127 -0.0001108920 0.0000117198 -0.0000649111 -0.0000297106 -0.0001225539 -0.0000322353 0.0000597526 0.0000457293 0.0000641250 -0.3990255723 -1.7532649731 -0.0092111869 3.2441670997 16.2199094352 4.0750734948 0.0866732503 -0.2546494720 -0.1665556919 -0.1206014709
-0.9283968152 0.0067870275 0.0080898145 -0.0079098710 0.0042070366 0.0015640813 0.0038572582 -0.0000138225 -0.0001090657 0.0000101775 -0.0000625817 -0.0000282628 -0.0001185740 -0.0000308968 0.0000574766 0.0000440290 0.0000623857 -0.4031675913 -1.8072882691 0.0070202011 3.2320069819 16.8775941441 4.0654786330 0.0774426518 -0.2520199977 -0.1645710844 -0.1188384038
-0.9371479260 0.0061178680 0.0081955436 -0.0075337034 0.0041298672 0.0015030897 0.0037867631 0.0000033892 -0.0001074402 0.0000080926 -0.0000609622 -0.0000259945 -0.0001156637 -0.0000293258 0.0000546382 0.0000434404 0.0000595111 -0.4082697913 -1.8736720792 0.0265522782 3.1875427819 17.9796579317 4.0389291939 0.0613133500 -0.2517952268 -0.1571113571 -0.1181803566
-0.9458990369 0.0055105024 0.0082799182 -0.0073894152 0.0040538117 0.0014430949 0.0036856041 0.0000185880 -0.0001076041 0.0000058533 -0.0000596211 -0.0000238283 -0.0001094719 -0.0000273470 0.0000516820 0.0000407961 0.0000556215 -0.4201975066 -1.8983479605 0.0301513433 3.1309939109 18.4501625548 3.9839428042 0.0435373486 -0.2540743999 -0.1503321766 -0.1153032526
-0.9546501477 0.0049893434 0.0083151584 -0.0073516532 0.0039721437 0.0013702698 0.0035986697 0.0000343230 -0.0001072255 0.0000034905 -0.0000564316 -0.0000220473 -0.0001010406 -0.0000255812 0.0000492505 0.0000372299 0.0000510977 -0.4316086171 -1.9033297634 0.0151642634 3.1065572690 18.7320568363 3.8515484037 0.0228042592 -0.2476276469 -0.1467622098 -0.1109334425
-0.9634012586 0.0044811491 0.0083504184 -0.0072598082 0.0038942739 0.0012956688 0.0035400949 0.0000481383 -0.0001090995 0.0000011546 -0.0000534531 -0.0000202863 -0.0000906578 -0.0000238597 0.0000469721 0.0000324741 0.0000493332 -0.4518358147 -1.8721736122 0.0016336739 3.0825138213 18.4490694491 3.8407004749 -0.0009105102 -0.2406136927 -0.1422391596 -0.1055319409
-0.9721523694 0.0039591727 0.0083751030 -0.0071407582 0.0038166019 0.0012366695 0.0034860776 0.0000617785 -0.0001108766 -0.0000013250 -0.0000503615 -0.0000182885 -0.0000841474 -0.0000213272 0.0000440457 0.0000297719 0.0000471759 -0.4723264679 -1.8751509847 0.0034989129 3.0154746051 18.7019984571 3.7755809541 -0.0303389960 -0.2333924601 -0.1343088916 -0.0969345875
-0.9809034803 0.0033919593 0.0084073437 -0.0068147619 0.0037500280 0.0011828337 0.0034225027 0.0000729979 -0.0001105681 -0.0000036327 -0.0000486850 -0.0000167848 -0.0000781096 -0.0000191933 0.0000424010 0.0000276411 0.0000459370 -0.4831891118 -1.8573697611 -0.0018974014 3.0101155129 18.8824714162 3.7866639902 -0.0604353093 -0.2316389359 -0.1288377365 -0.0894346505
-0.9896545912 0.0028300852 0.0084750188 -0.0063345695 0.0036914099 0.0011297225 0.0033642702 0.0000764102 -0.0001083764 -0.0000057876 -0.0000485510 -0.0000153380 -0.0000716472 -0.0000170090 0.0000410390 0.0000252879 0.0000435021 -0.4847868760 -1.8168019047 -0.0089172145 3.0078524246 18.7679841410 3.7206926904 -0.0904940919 -0.2360708904 -0.1229799326 -0.0806012236
-0.9984057020 0.0023395328 0.0085460211 -0.0059034172 0.0036339598 0.0010803055 0.0033114605 0.0000784430 -0.0001059944 -0.0000072489 -0.0000472222 -0.0000143460 -0.0000662945 -0.0000156713 0.0000396784 0.0000233629 0.0000414538 -0.4854495361 -1.7920257885 0.0014363478 3.0008752034 18.8414775084 3.6508996086 -0.1156194128 -0.2349702787 -0.1193058514 -0.0756740818
-1.0071568129 0.0019124459 0.0085921018 -0.0056521677 0.0035743389 0.0010326858 0.0032658520 0.0000809332 -0.0001036062 -0.0000076323 -0.0000456187 -0.0000134917 -0.0000606064 -0.0000157628 0.0000383822 0.0000208193 0.0000400044 -0.4862357041 -1.7612179096 -0.0005347190 3.0014387044 18.5348416257 3.6284542434 -0.1288807248 -0.2321936568 -0.1162875589 -0.0782294842
-1.0159079237 0.0015223047 0.0086281505 -0.0054702173 0.0035096028 0.0009895825 0.0032222168 0.0000844114 -0.0001007933 -0.0000087551 -0.0000442361 -0.0000124945 -0.0000563233 -0.0000159137 0.0000371933 0.0000189288 0.0000391795 -0.4860552334 -1.7607766856 -0.0174849726 3.0179238042 18.5816455699 3.6453876387 -0.1554217007 -0.2299657438 -0.1125346092 -0.0817840887
-1.0246590346 0.0011331568 0.0086212117 -0.0052735754 0.0034511148 0.0009480449 0.0031585828 0.0000925896 -0.0000992493 -0.0000099186 -0.0000419827 -0.0000118146 -0.0000520638 -0.0000150610 0.0000360826 0.0000169404 0.0000377839 -0.4905986212 -1.7412497047 -0.0227894567 3.0269941457 18.2919473670 3.6445321793 -0.1824588020 -0.2239281463 -0.1097791214 -0.0795436935
-1.0334101454 0.0007337700 0.0086217310 -0.0048950899 0.0033962170 0.0009056966 0.0031049834 0.0000969502 -0.0000981625 -0.0000105647 -0.0000397153 -0.0000108430 -0.0000482614 -0.0000128980 0.0000347590 0.0000153278 0.0000362949 -0.4969824589 -1.7277491485 -0.0110829528 3.0115529519 18.1940925938 3.6006432346 -0.2030286889 -0.2161521811 -0.1045719212 -0.0692273829
-1.0421612563 0.0002965913 0.0087056936 -0.0044042945 0.0033428799 0.0008641804 0.0030785561 0.0000958691 -0.0000966303 -0.0000111029 -0.0000385891 -0.0000098280 -0.0000437745 -0.0000116810 0.0000336007 0.0000137878 0.0000352198 -0.5010753857 -1.6688908483 0.0073164577 3.0052390374 17.8125460646 3.5501160067 -0.2236660359 -0.2135608324 -0.0989394195 -0.0627785296
-1.0509123671 -0.0001155658 0.0087830386 -0.0040944125 0.0032886379 0.0008253728 0.0030501014 0.0000927686 -0.0000946205 -0.0000106559 -0.0000383748 -0.0000087549 -0.0000395432 -0.0000117813 0.0000325608 0.0000124965 0.0000343848 -0.5031724949 -1.6029765057 0.0049840872 3.0102132278 17.5111744332 3.5523364627 -0.2249982150 -0.2161665153 -0.0922110913 -0.0641593603
-1.0596634780 -0.0004540053 0.0088036672 -0.0040107566 0.0032298508 0.0007893181 0.0029984529 0.0000918748 -0.0000923201 -0.0000103145 -0.0000372932 -0.0000075643 -0.0000359809 -0.0000111963 0.0000314483 0.0000113926 0.0000327773 -0.5041720331 -1.5525667670 -0.0060253280 3.0133122121 17.3791731269 3.5226814214 -0.2260619425 -0.2144727772 -0.0829924307 -0.0632436291
-1.0684145889 -0.0008343402 0.0087814522 -0.0038321243 0.0031811402 0.0007568325 0.0029615107 0.0000979801 -0.0000908112 -0.0000109961 -0.0000357308 -0.0000070683 -0.0000323000 -0.0000106822 0.0000306223 0.0000101359 0.0000317990 -0.5071237666 -1.4752332374 -0.0172249476 3.0234128946 16.7873015302 3.4940152114 -0.2519395876 -0.2088025503 -0.0803386875 -0.0615699865
-1.0771656997 -0.0011986542 0.0087541335 -0.0034798989 0.0031311393 0.0007235967 0.0029284925 0.0001040740 -0.0000894924 -0.0000118054 -0.0000346759 -0.0000073445 -0.0000286982 -0.0000105775 0.0000299091 0.0000087936 0.0000310293 -0.5115959160 -1.3953290479 -0.0302114657 3.0472757542 15.8900041042 3.4901259352 -0.2870556369 -0.2064227221 -0.0864326423 -0.0618846211
-1.0859168106 -0.0014815839 0.0087438150 -0.0031589169 0.0030779311 0.0006854271 0.0028901873 0.0001016941 -0.0000878299 -0.0000114494 -0.0000335496 -0.0000072874 -0.0000243341 -0.0000096281 0.0000291199 0.0000073320 0.0000302345 -0.5150866259 -1.2800218440 -0.0264302196 3.0707580245 14.6962992059 3.4838353219 -0.2963370585 -0.2038087861 -0.0892486619 -0.0566371977
-1.0946679214 -0.0017509253 0.0087622391 -0.0029986239 0.0030397365 0.0006549850 0.0028355757 0.0000998700 -0.0000867776 -0.0000115718 -0.0000317694 -0.0000076962 -0.0000216643 -0.0000074030 0.0000285392 0.0000064376 0.0000285743 -0.5190084054 -1.2127807614 -0.0254403634 3.0876882474 13.9698878107 3.4013039157 -0.3131844244 -0.1960758295 -0.0975514537 -0.0440376602
-1.1034190323 -0.0021027268 0.0087883458 -0.0028125973 0.0030061743 0.0006238267 0.0027880522 0.0000955115 -0.0000854649 -0.0000108201 -0.0000300942 -0.0000075048 -0.0000177866 -0.0000063499 0.0000280298 0.0000050552 0.0000275763 -0.5202494575 -1.0780030255 -0.0292558247 3.1015181829 12.2259113534 3.3971193984 -0.3104179928 -0.1895342454 -0.0990205895 -0.0388322945
-1.1121701431 -0.0025439934 0.0088183452 -0.0026540292 0.0029700424 0.0005943620 0.0027669153 0.0000908312 -0.0000832509 -0.0000100783 -0.0000295525 -0.0000070629 -0.0000146959 -0.0000059188 0.0000274213 0.0000040797 0.0000269026 -0.5160202973 -0.9558407164 -0.0292115332 3.1071925602 10.8433483273 3.3848897829 -0.3046820966 -0.1908240353 -0.0964691731 -0.0368287602
-1.1209212540 -0.0029481287 0.0088476832 -0.0025533568 0.0029321285 0.0005671085 0.0027463253 0.0000852191 -0.0000809163 -0.0000094850 -0.0000288433 -0.0000065309 -0.0000124753 -0.0000053013 0.0000267120 0.0000034766 0.0000262018 -0.5109478160 -0.8738564411 -0.0139691357 3.1048348687 10.2268673875 3.3571513018 -0.3027500023 -0.1896699967 -0.0922104543 -0.0332325126
-1.1296723649 -0.0033034972 0.0088655448 -0.0023300565 0.0028926287 0.0005430577 0.0027254555 0.0000813031 -0.0000790742 -0.0000087110 -0.0000270310 -0.0000061806 -0.0000105168 -0.0000050181 0.0000259871 0.0000030283 0.0000258240 -0.5095139478 -0.7903074284 -0.0136839637 3.1049315528 9.7383486545 3.3468686818 -0.2938230320 -0.1799186566 -0.0906909924 -0.0317203739
-1.1384234757 -0.0035994807 0.0088542093 -0.0020654639 0.0028521114 0.0005198180 0.0027226079 0.0000785284 -0.0000773284 -0.0000080702 -0.0000259652 -0.0000057511 -0.0000091645 -0.0000046088 0.0000252801 0.0000026888 0.0000260264 -0.5086653218 -0.7350748777 -0.0254256816 3.1075800556 9.3949686507 3.3608282031 -0.2874350764 -0.1735028991 -0.0875197518 -0.0293703556
-1.1471745866 -0.0038769429 0.0088301463 -0.0018978093 0.0028048441 0.0004977317 0.0027150354 0.0000755085 -0.0000745604 -0.0000074070 -0.0000260365 -0.0000051624 -0.0000077611 -0.0000047171 0.0000243989 0.0000021715 0.0000271654 -0.5025448390 -0.6685843309 -0.0311773216 3.0999453242 8.3094764334 3.4639509774 -0.2779688386 -0.1752649610 -0.0814134993 -0.0302102695
-1.1559256974 -0.0042498434 0.0087879177 -0.0018467242 0.0027696782 0.0004809027 0.0027074074 0.0000723626 -0.0000727213 -0.0000071174 -0.0000254456 -0.0000050790 -0.0000065403 -0.0000043805 0.0000238511 0.0000018202 0.0000269981 -0.4995376488 -0.5983808874 -0.0372920462 3.1073151762 7.5133058086 3.4519700409 -0.2775780356 -0.1720859779 -0.0825232908 -0.0279086321
-1.1646768083 -0.0047057105 0.0087573936 -0.0020784000 0.0027414783 0.0004644239 0.0026998316 0.0000686619 -0.0000712077 -0.0000068049 -0.0000248333 -0.0000050424 -0.0000054791 -0.0000036551 0.0000234433 0.0000015623 0.0000254553 -0.4969563838 -0.5275745281 -0.0416221364 3.1172545835 6.8878849495 3.3307531137 -0.2749807156 -0.1682488456 -0.0841386607 -0.0231142579
-1.1734279191 -0.0052326285 0.0087616092 -0.0025927202 0.0027153182 0.0004491711 0.0027310900 0.0000643062 -0.0000694268 -0.0000066063 -0.0000255646 -0.0000047185 -0.0000049059 -0.0000030774 0.0000229911 0.0000013648 0.0000260960 -0.4918094730 -0.4965260075 -0.0608725368 3.1156730247 6.4721444330 3.3239610573 -0.2766787809 -0.1709890583 -0.0804704679 -0.0200501826
-1.1821790300 -0.0057219029 0.0087693014 -0.0028278734 0.0026906814 0.0004346729 0.0027562708 0.0000571835 -0.0000678533 -0.0000060971 -0.0000267186 -0.0000042850 -0.0000044514 -0.0000017421 0.0000225845 0.0000012100 0.0000270476 -0.4871439266 -0.4769910290 -0.0699080479 3.1158512190 6.2142666192 3.3335805387 -0.2658210475 -0.1749657747 -0.0747373420 -0.0121806374
-1.1909301409 -0.0061083545 0.0087354181 -0.0026618366 0.0026607909 0.0004214726 0.0027360673 0.0000530715 -0.0000667217 -0.0000055567 -0.0000262444 -0.0000041377 -0.0000040277 -0.0000011507 0.0000221354 0.0000010780 0.0000270960 -0.4870307538 -0.4554209546 -0.0773627623 3.1230929336 5.9418627957 3.3940227901 -0.2522055424 -0.1750904341 -0.0742293344 -0.0088138577
