# Kim, K. U., Elliott, G. S., and Dutton, J. C., “A Three-Dimensional Experimental Study of Compressibility Effects on Turbulent Free Shear Layers,” AIAA Aviation Conference, Atlanta, GA, 2018.
# This work was funded by the NASA Aeronautics Mission Directorate's Transformative Aeronautics Concepts Program, Transformational Tools and Technologies Project; Grant Number NNX15AU94A.
VARIABLES = "(y-y0)/b", "(U-U2)/dU", "V/dU", "W/dU", "<u'^2>/dU^2", "<v'^2>/dU^2", "<w'^2>/dU^2", "<u'v'>/dU^2", "<u'^3>/dU^3", "<u'v'^2>/dU^3", "<u'w'^2>/dU^3", "<v'u'^2>/dU^3", "<v'^3>/dU^3", "<v'w'^2>/dU^3", "<u'^4>/dU^4", "<v'^4>/dU^4", "<w'^4>/dU^4", "u_skewness", "v_skewness", "w_skewness", "u_kurtosis", "v_kurtosis", "w_kurtosis", "<u'v'^2>/(<u'^2>^(1/2)<v'^2>)", "<u'w'^2>/(<u'^2>^(1/2)<w'^2>)", "<v'u'^2>/(<v'^2>^(1/2)<u'^2>)", "<v'w'^2>/(<v'^2>^(1/2)<w'^2>)"
ZONE T="Frame 0", I=250, J=1, F=POINT
1.2088842788 1.0008230427 -0.0009985882 -0.0038844382 0.0007107684 0.0007288840 0.0006955334 -0.0000190624 -0.0000104346 -0.0000001436 -0.0000053406 0.0000007162 0.0000078079 0.0000011551 0.0000206085 0.0000029930 0.0000156968 -0.0854318049 0.3996299233 0.5304012394 9.9857522443 5.2284430033 12.3371483587 -0.0096034420 -0.1310787430 0.0413998560 0.0929574723
1.1966576958 1.0008886317 -0.0010614051 -0.0039495978 0.0007096427 0.0007654766 0.0006727317 -0.0000221291 0.0000010925 -0.0000002047 -0.0000015434 0.0000012635 0.0000073716 0.0000015283 0.0000067533 0.0000032767 0.0000101582 -0.0455186435 0.3513433033 0.3645102976 11.1546142000 5.0796142054 9.5010393879 -0.0158151457 -0.0434361050 0.0740118630 0.0937683650
1.1844311128 1.0008059151 -0.0010144775 -0.0037999084 0.0007245393 0.0008026426 0.0006707670 -0.0000224764 -0.0000007907 -0.0000003118 -0.0000002947 0.0000014284 0.0000087730 0.0000011534 0.0000089154 0.0000037049 0.0000064989 -0.0951933753 0.3839145275 0.2913973293 13.2540781203 5.3823777811 7.3700873169 -0.0203598072 -0.0156635336 0.0779994817 0.0878940955
1.1722045298 1.0007070274 -0.0009117293 -0.0037442807 0.0007533480 0.0008483810 0.0006778869 -0.0000165516 -0.0000088428 -0.0000005981 -0.0000010183 -0.0000009813 0.0000103068 0.0000011388 0.0000176820 0.0000050876 0.0000058738 -0.1770538198 0.4004326335 0.3071839988 14.1094576198 6.1566412569 7.5159860718 -0.0271571195 -0.0296944514 -0.0113874786 0.0796564494
1.1599779468 1.0006413226 -0.0008175933 -0.0037287606 0.0007716221 0.0008845919 0.0006908745 -0.0000192569 -0.0000031102 -0.0000004072 0.0000004085 0.0000010376 0.0000106909 0.0000015816 0.0000132583 0.0000050160 0.0000043497 0.0105354409 0.3944313031 0.2724093331 8.6389243159 5.9890574215 6.2932751796 -0.0222957181 0.0044122515 0.0492805570 0.0907870308
1.1477513638 1.0005531868 -0.0006812721 -0.0037234318 0.0007916498 0.0009395451 0.0007174518 -0.0000167534 0.0000026222 -0.0000012809 -0.0000021296 0.0000010850 0.0000098430 0.0000007397 0.0000062498 0.0000071569 0.0000083619 0.0941912320 0.3479938159 0.3685556530 6.4081281461 7.2075875312 8.2017927035 -0.0420396733 -0.0382293635 0.0556470349 0.0707873319
1.1355247808 1.0005424861 -0.0005752909 -0.0038052591 0.0008074008 0.0009817055 0.0007367527 -0.0000121202 0.0000017129 -0.0000009306 -0.0000015432 -0.0000004233 0.0000097013 0.0000021300 0.0000088874 0.0000081358 0.0000079800 0.0921599321 0.3231785838 0.3653011274 7.5349800347 7.3806894114 8.0033339108 -0.0306702418 -0.0256461566 0.0120494201 0.0954644321
1.1232981978 1.0004425315 -0.0005012332 -0.0039418122 0.0008186624 0.0010413724 0.0007502057 -0.0000058658 0.0000071117 -0.0000010211 -0.0000002295 0.0000004763 0.0000134503 0.0000013610 0.0000030316 0.0000106095 0.0000058504 0.1904723053 0.4039042148 0.2648160555 4.3135616113 8.7385483180 5.4694502311 -0.0379591195 0.0172047638 0.0301734451 0.0763334428
1.1110716148 1.0004198786 -0.0004979088 -0.0041638140 0.0008286076 0.0010928768 0.0007545707 0.0000001163 0.0000083523 0.0000000343 0.0000019157 0.0000007334 0.0000178699 0.0000016501 0.0000030046 0.0000109864 0.0000035507 0.2226758069 0.4624745328 0.1933147747 4.2209331272 8.3493898120 4.5366266158 -0.0126114582 0.0541085941 0.0347915842 0.0852513381
1.0988450318 1.0003443221 -0.0005301873 -0.0042521851 0.0008503751 0.0011718099 0.0007607064 0.0000106031 0.0000091128 -0.0000002207 0.0000027305 0.0000004065 0.0000168999 0.0000019084 0.0000031594 0.0000156422 0.0000022433 0.2333351161 0.4293038175 0.1890615688 4.2326171089 9.9861018977 3.7797737573 -0.0117089357 0.0680287904 0.0258055526 0.0937316825
1.0866184488 1.0002051715 -0.0005396022 -0.0042718465 0.0008694135 0.0012300136 0.0007766312 0.0000163509 0.0000095477 -0.0000000742 0.0000022063 0.0000006096 0.0000198546 0.0000022770 0.0000033061 0.0000187244 0.0000032077 0.2352085819 0.4591888479 0.2594760220 4.2718885661 11.1818104572 4.6439877443 -0.0106718105 0.0483335378 0.0301529721 0.1037468505
1.0743918658 1.0000698010 -0.0004905149 -0.0042702393 0.0008951614 0.0013023710 0.0007944545 0.0000235870 0.0000088865 -0.0000003440 0.0000019866 0.0000011431 0.0000228348 0.0000015783 0.0000043153 0.0000227131 0.0000028271 0.2111785092 0.4867445915 0.2769156204 4.8389627339 12.4953407966 4.3395377482 -0.0141920726 0.0315463174 0.0367000179 0.0745475607
1.0621652827 0.9998964059 -0.0004792111 -0.0043219870 0.0009100156 0.0013319803 0.0008299070 0.0000227173 0.0000099034 -0.0000009511 0.0000013913 0.0000004133 0.0000203301 0.0000019479 0.0000037548 0.0000209506 0.0000046081 0.2212899178 0.4179245700 0.3104008155 4.4954941055 11.3350743522 5.8231499568 -0.0344351644 0.0033447074 0.0176425331 0.0832559955
1.0499386997 0.9998084625 -0.0004236678 -0.0044691099 0.0009271998 0.0013724309 0.0008428526 0.0000191950 0.0000101239 -0.0000006273 0.0000020179 0.0000003580 0.0000241965 0.0000021321 0.0000038481 0.0000220603 0.0000039006 0.2204112275 0.4430023311 0.2646449758 4.5004828821 11.1889364659 5.2261497317 -0.0332571114 0.0199134005 0.0126772785 0.0954125263
1.0377121167 0.9996881931 -0.0003841295 -0.0044920924 0.0009450895 0.0014180350 0.0008555363 0.0000118607 0.0000110083 -0.0000008231 0.0000023536 0.0000012819 0.0000280343 0.0000022026 0.0000039606 0.0000247361 0.0000039846 0.2394510274 0.5213580200 0.2383931281 4.4849787703 11.7572059271 5.1939163447 -0.0242520917 0.0366041945 0.0466132463 0.1005104910
1.0254855337 0.9995661327 -0.0003465755 -0.0043944735 0.0009593847 0.0014363464 0.0008659159 0.0000143945 0.0000084200 0.0000005219 0.0000031333 0.0000005450 0.0000300584 0.0000024622 0.0000073532 0.0000244683 0.0000034229 0.1958568069 0.5484399792 0.1858026014 6.4706017287 11.5198892034 4.1875863588 0.0060435090 0.0661544251 0.0260158833 0.1045758893
1.0132589507 0.9995405163 -0.0003233096 -0.0042402688 0.0009775996 0.0014505375 0.0008782561 0.0000152754 0.0000086644 -0.0000009369 0.0000031192 0.0000012767 0.0000293762 0.0000025480 0.0000069570 0.0000235054 0.0000035145 0.2046140390 0.5262650950 0.1686449886 5.8544431483 10.7616173546 4.3116554737 -0.0251792419 0.0644915477 0.0398201302 0.1049829981
1.0010323677 0.9994760987 -0.0003130746 -0.0041567605 0.0010032378 0.0014663783 0.0008955822 0.0000122283 0.0000037006 -0.0000013752 0.0000011121 0.0000000163 0.0000320703 0.0000031253 0.0000122831 0.0000219286 0.0000046219 0.1202639988 0.5737438514 0.2473994324 7.8828687060 9.8226594087 5.5379831743 -0.0269950282 0.0047585901 0.0290410744 0.1298526881
0.9888057847 0.9993659602 -0.0002159274 -0.0041738265 0.0010223662 0.0014905430 0.0009221013 -0.0000050079 0.0000073696 -0.0000029081 0.0000007422 0.0000023132 0.0000297403 0.0000045550 0.0000098267 0.0000219877 0.0000060861 0.1484744074 0.5191846824 0.3641679186 7.3673636399 9.5445824123 7.2641128960 -0.0670310102 -0.0338006728 0.0707463788 0.1752812409
0.9765792017 0.9991907233 -0.0001339594 -0.0042574830 0.0010549874 0.0015067108 0.0009448794 -0.0000170466 0.0000090039 -0.0000030053 0.0000005182 0.0000032881 0.0000392999 0.0000052924 0.0000094155 0.0000206238 0.0000072465 0.1764858040 0.6574859057 0.3946417955 6.5606093438 8.8216926165 8.2833866548 -0.0656480109 -0.0466765021 0.0927101203 0.1923947729
0.9643526187 0.9990537410 -0.0002263507 -0.0044490675 0.0010810901 0.0015237194 0.0009599619 -0.0000236932 0.0000138481 -0.0000026668 0.0000014971 0.0000037086 0.0000417253 0.0000055959 0.0000053478 0.0000188626 0.0000065463 0.2569980396 0.6861338788 0.3684000008 4.5567627398 8.0006384633 7.2376283188 -0.0503496671 -0.0148105298 0.1006851107 0.1932440931
0.9521260357 0.9988363482 -0.0002806982 -0.0046638740 0.0011123335 0.0015649183 0.0009781171 -0.0000288330 0.0000138543 -0.0000027641 0.0000013366 0.0000044445 0.0000437311 0.0000056572 0.0000058955 0.0000201839 0.0000086114 0.2341004884 0.6856130713 0.3708578985 4.8136516006 8.0784008257 8.3681554133 -0.0536470866 -0.0087191382 0.1131686249 0.1797027651
0.9398994527 0.9985592163 -0.0002706428 -0.0047633385 0.0011422632 0.0016154376 0.0009890982 -0.0000376155 0.0000136589 -0.0000045508 0.0000031292 0.0000048682 0.0000486602 0.0000054561 0.0000064386 0.0000196846 0.0000065327 0.2151484769 0.7290360500 0.2623546048 4.9203691707 7.2659100990 6.2319594259 -0.0762541304 0.0476339309 0.1179605013 0.1657233126
0.9276728697 0.9982495893 -0.0002310479 -0.0046913367 0.0011700250 0.0016508503 0.0010007563 -0.0000541846 0.0000123342 -0.0000044032 0.0000006995 0.0000065382 0.0000560527 0.0000058097 0.0000075060 0.0000206230 0.0000097703 0.1680384692 0.8137208618 0.3682568667 5.5165873127 7.2869537792 9.5258326181 -0.0709793419 -0.0332015178 0.1457666651 0.1730218664
0.9154462867 0.9979115753 -0.0003205620 -0.0045573830 0.0012023022 0.0016980863 0.0009991322 -0.0000682395 0.0000113232 -0.0000052272 0.0000009437 0.0000087869 0.0000587590 0.0000065788 0.0000083992 0.0000218796 0.0000095992 0.1562148615 0.8203903511 0.3776663206 5.5354286505 7.2449615975 9.3522781236 -0.0798318575 -0.0221049510 0.1787982870 0.1943410675
0.9032197037 0.9976257615 -0.0003453323 -0.0047767861 0.0013102036 0.0018126897 0.0015002416 -0.0001045574 0.0000053673 -0.0000077831 -0.0000066721 0.0000120211 0.0000662193 0.0000135459 0.0000111978 0.0000255259 0.0000279505 0.0194546617 0.8338448741 0.4891553829 6.2080919354 7.6435661659 11.9400566606 -0.1146635656 -0.1481490749 0.2184327609 0.2533258682
0.8909931206 0.9972228602 -0.0002636821 -0.0045404936 0.0013632574 0.0018702595 0.0015234606 -0.0001227157 -0.0000016892 -0.0000120760 -0.0000085234 0.0000159573 0.0000802224 0.0000172623 0.0000164942 0.0000281827 0.0000272048 -0.0833907390 0.9714980892 0.4498256414 7.4875781155 7.8893010575 11.3683555743 -0.1672384143 -0.1746966897 0.2718925397 0.3148327690
0.8787665376 0.9967489993 -0.0003404943 -0.0045807816 0.0013965321 0.0019110503 0.0014645679 -0.0001375716 -0.0000048636 -0.0000167300 -0.0000083796 0.0000184035 0.0000869221 0.0000190499 0.0000188822 0.0000313369 0.0000250971 -0.1305969469 1.0198547574 0.4194811671 7.9960349295 8.4054057097 11.2111871513 -0.2262031389 -0.1644609747 0.3058637450 0.3593256591
0.8665399546 0.9963106551 -0.0004591305 -0.0046572288 0.0014234730 0.0019381987 0.0014001656 -0.0001609020 -0.0000031433 -0.0000203191 -0.0000066540 0.0000201967 0.0000958776 0.0000188553 0.0000154007 0.0000323849 0.0000194218 -0.1419784901 1.0951321335 0.3610238135 7.3677970458 8.3982512191 9.7518526654 -0.2688671205 -0.1390629021 0.3259845708 0.3705365642
0.8543133716 0.9959043257 -0.0003195245 -0.0047980166 0.0014959583 0.0019804185 0.0014742053 -0.0002114800 -0.0000096318 -0.0000267347 -0.0000088498 0.0000270094 0.0001068068 0.0000229806 0.0000164028 0.0000332759 0.0000210992 -0.2544344221 1.1875640730 0.3666453452 7.5244153654 8.2951595066 9.3579292503 -0.3411340704 -0.1610718857 0.4116163099 0.4136383581
0.8420867886 0.9953966272 -0.0003360019 -0.0048312068 0.0015457240 0.0020286141 0.0014212999 -0.0002441977 -0.0000148685 -0.0000319968 -0.0000075260 0.0000319979 0.0001166165 0.0000254509 0.0000185361 0.0000358347 0.0000175119 -0.3238216553 1.2528882869 0.3044197134 7.8630288973 8.5041078056 8.7913955374 -0.3904640637 -0.1531901073 0.4649172057 0.4717547331
0.8298602056 0.9948131601 -0.0001862104 -0.0054663611 0.0017438036 0.0023097411 0.0020682176 -0.0003152077 -0.0000347907 -0.0000433071 -0.0000286827 0.0000405319 0.0001294567 0.0000348780 0.0000259018 0.0000500733 0.0000519852 -0.5069481154 1.1648163443 0.4084880290 8.4814016157 9.2545585441 11.0447381560 -0.4455364422 -0.2947515746 0.4813177143 0.4171336458
0.8176336226 0.9941252100 -0.0001449411 -0.0056258492 0.0017922404 0.0023391305 0.0019507710 -0.0003509218 -0.0000452538 -0.0000514165 -0.0000261022 0.0000483792 0.0001452561 0.0000394079 0.0000297197 0.0000516731 0.0000452150 -0.6331125367 1.2720674324 0.3847165448 9.1473947870 9.3036769197 10.9764379244 -0.5154250805 -0.2985717167 0.5603278105 0.4879404499
0.8054070396 0.9933385469 -0.0001639593 -0.0056761106 0.0018533306 0.0023718241 0.0018818659 -0.0004015099 -0.0000556338 -0.0000579656 -0.0000237177 0.0000556230 0.0001584814 0.0000417643 0.0000331768 0.0000512431 0.0000380720 -0.7357580714 1.3552865348 0.3424411247 9.4830269681 8.9898912067 10.3917479771 -0.5637040837 -0.2993643443 0.6226434600 0.5299509841
0.7931804566 0.9925172252 0.0002260148 -0.0057655359 0.0019909124 0.0024880111 0.0020900702 -0.0004805074 -0.0000739681 -0.0000709075 -0.0000252715 0.0000688179 0.0001788168 0.0000531434 0.0000395272 0.0000550632 0.0000371812 -0.8629668767 1.4298665935 0.2820257926 9.6674088811 8.7901120711 8.6295108480 -0.6368009086 -0.2933443715 0.7026837510 0.5879519971
0.7809538736 0.9913905078 0.0002487242 -0.0057380178 0.0021104830 0.0025891820 0.0021116930 -0.0005527712 -0.0000946691 -0.0000837596 -0.0000303655 0.0000828815 0.0001961914 0.0000611194 0.0000471542 0.0000598192 0.0000377073 -1.0164333062 1.4793771348 0.2290298139 10.2780829528 8.8190208859 8.5517787735 -0.7005261338 -0.3469026886 0.7827229921 0.6524888985
0.7687272906 0.9901162633 0.0002785414 -0.0057212124 0.0022567143 0.0027144238 0.0021793240 -0.0006281406 -0.0001196524 -0.0000988661 -0.0000386487 0.0000982639 0.0002146740 0.0000689960 0.0000554613 0.0000659342 0.0000416342 -1.1642442229 1.5104170993 0.2286052005 10.7027211885 8.8502519729 8.8240936594 -0.7616753163 -0.4145426920 0.8481030718 0.6927848473
0.7565007076 0.9886370183 0.0002758278 -0.0057938743 0.0024286547 0.0028668516 0.0022911309 -0.0007183969 -0.0001485348 -0.0001169739 -0.0000462267 0.0001142278 0.0002356182 0.0000772179 0.0000644929 0.0000734124 0.0000479742 -1.2913749428 1.5286360944 0.2316868966 10.8501405568 8.8357791772 9.0874885032 -0.8232241434 -0.4511561372 0.8924440317 0.7112069693
0.7442741246 0.9870075904 0.0001819165 -0.0058925792 0.0026226428 0.0030246883 0.0023933478 -0.0008146381 -0.0001845865 -0.0001351500 -0.0000551332 0.0001329049 0.0002579927 0.0000849046 0.0000766547 0.0000810143 0.0000520637 -1.4292136249 1.5486200404 0.2100706311 11.1675236940 8.7887292983 9.1535621911 -0.8704379256 -0.4957750209 0.9374935520 0.7204208009
0.7320475416 0.9852204325 0.0000913896 -0.0058922020 0.0028608461 0.0031975113 0.0025340944 -0.0009290864 -0.0002302686 -0.0001549600 -0.0000686006 0.0001559617 0.0002793394 0.0000935012 0.0000936724 0.0000889816 0.0000592170 -1.5556819730 1.5464916305 0.2075650504 11.4804467912 8.6662167556 9.2726359363 -0.9047626457 -0.5511756629 0.9783881716 0.7162665841
0.7198209585 0.9831005296 0.0004331834 -0.0057417754 0.0031975462 0.0034438698 0.0029026800 -0.0010798183 -0.0002892797 -0.0001787062 -0.0000881598 0.0001828334 0.0003085183 0.0001104415 0.0001157739 0.0001003707 0.0000731042 -1.6334786374 1.5313273210 0.2295614979 11.2445193141 8.4523589579 8.8290065086 -0.9183548993 -0.5785153211 0.9859196547 0.6993190708
0.7075943755 0.9808525643 0.0004167219 -0.0057488484 0.0034932764 0.0036381041 0.0030961346 -0.0012162770 -0.0003490024 -0.0002019964 -0.0001053979 0.0002096983 0.0003302300 0.0001232148 0.0001379225 0.0001097259 0.0000827348 -1.7222990081 1.5116263319 0.1969182636 11.2331778580 8.2922229717 8.7393981512 -0.9437298674 -0.6158731892 1.0077191950 0.6991253498
0.6953677925 0.9784069904 0.0004032687 -0.0057467941 0.0038183009 0.0038412158 0.0033041235 -0.0013637333 -0.0004120638 -0.0002265105 -0.0001224556 0.0002394613 0.0003494575 0.0001380824 0.0001611081 0.0001177762 0.0000928805 -1.7747379033 1.4760407885 0.1906771094 10.9951956810 7.9847093808 8.5995723897 -0.9595818329 -0.6369284074 1.0242313418 0.6996187969
0.6831412095 0.9757292402 0.0003874696 -0.0057262207 0.0041708320 0.0040614930 0.0035169410 -0.0015173407 -0.0004794229 -0.0002511693 -0.0001376979 0.0002710806 0.0003696454 0.0001492271 0.0001863472 0.0001269101 0.0000996079 -1.8030482069 1.4381327282 0.1624129557 10.6485699896 7.7019469346 8.0813724273 -0.9623864012 -0.6398924204 1.0318260149 0.6795792129
0.6709146265 0.9727835673 0.0003464998 -0.0056720485 0.0045512178 0.0042943695 0.0037579254 -0.0016811655 -0.0005525141 -0.0002776139 -0.0001552271 0.0003029944 0.0003910713 0.0001623352 0.0002146507 0.0001363896 0.0001117508 -1.8198741264 1.4004609255 0.1462544246 10.3204844901 7.4089123252 7.9201067303 -0.9622938466 -0.6412529641 1.0274639515 0.6603626966
0.6586880435 0.9695670200 0.0002787532 -0.0056164367 0.0049652671 0.0045457907 0.0040051261 -0.0018553626 -0.0006291240 -0.0003056538 -0.0001736677 0.0003381199 0.0004169071 0.0001748399 0.0002437855 0.0001475260 0.0001217214 -1.8143758953 1.3709933862 0.1185892666 9.8327506532 7.1556135934 7.6095855158 -0.9588614351 -0.6394527571 1.0206390693 0.6374243239
0.6464614605 0.9660609625 0.0001765539 -0.0056059495 0.0054150760 0.0048183757 0.0042831254 -0.0020446538 -0.0007160863 -0.0003367332 -0.0001989737 0.0003767186 0.0004478117 0.0001892816 0.0002782170 0.0001623266 0.0001358784 -1.8097586571 1.3488350907 0.1046474653 9.4215495870 7.0120844446 7.4443236980 -0.9548122338 -0.6518225001 1.0110519555 0.6164110620
0.6342348775 0.9622919536 0.0000682692 -0.0056310115 0.0058954247 0.0050954965 0.0046158115 -0.0022424896 -0.0008089160 -0.0003696391 -0.0002310374 0.0004172045 0.0004762363 0.0002064659 0.0003168419 0.0001764322 0.0001584108 -1.7992400078 1.3177054164 0.0818157480 9.0738246210 6.8105282485 7.4831327201 -0.9495564414 -0.6699726026 0.9992256948 0.5970265002
0.6220082945 0.9581700639 -0.0000276597 -0.0056169216 0.0064191231 0.0053712129 0.0049757875 -0.0024501714 -0.0009063227 -0.0004019658 -0.0002665296 0.0004587725 0.0005004807 0.0002261318 0.0003577341 0.0001885350 0.0001814757 -1.7738157831 1.2786189823 0.0700470710 8.6621622218 6.5507999875 7.3426940228 -0.9384488401 -0.6824707704 0.9816595365 0.5785460180
0.6097817115 0.9537099252 -0.0001507827 -0.0055600457 0.0069653099 0.0056474495 0.0053492562 -0.0026637729 -0.0010019593 -0.0004333807 -0.0002999436 0.0004990430 0.0005200278 0.0002448586 0.0003981603 0.0001998034 0.0002042773 -1.7327207842 1.2317104181 0.0617792405 8.1853718696 6.2801842489 7.1579390012 -0.9236578572 -0.6842018274 0.9587262579 0.5575536018
0.5975551285 0.9490561246 -0.0002987243 -0.0055069784 0.0075440099 0.0059374707 0.0057223018 -0.0028727924 -0.0010939679 -0.0004646162 -0.0003291671 0.0005369806 0.0005432750 0.0002610385 0.0004362058 0.0002143846 0.0002236186 -1.6762525394 1.1929875882 0.0533247624 7.6442480833 6.0960641135 6.8617224457 -0.9046876316 -0.6722796863 0.9284301665 0.5327198221
0.5853285455 0.9441093594 -0.0004966982 -0.0053649424 0.0081738930 0.0062432143 0.0061301543 -0.0030906123 -0.0011953355 -0.0004958370 -0.0003589358 0.0005759468 0.0005675875 0.0002768338 0.0004795001 0.0002299153 0.0002462474 -1.6215352791 1.1550924113 0.0702830394 7.1527407752 5.9098949941 6.5845174386 -0.8816130127 -0.6556600470 0.8955224025 0.5057326178
0.5731019625 0.9387913061 -0.0006956349 -0.0050420794 0.0088439900 0.0065624805 0.0065811654 -0.0033256481 -0.0013096073 -0.0005282011 -0.0003919309 0.0006194110 0.0005910572 0.0002946152 0.0005324509 0.0002463240 0.0002789722 -1.5769457189 1.1151816636 0.0913163721 6.7844477767 5.7247249074 6.4459691699 -0.8582587425 -0.6402228378 0.8671726682 0.4819050818
0.5608753795 0.9331094834 -0.0008901591 -0.0046461275 0.0095481421 0.0068864385 0.0070405425 -0.0035718076 -0.0014291975 -0.0005616407 -0.0004270663 0.0006637179 0.0006124678 0.0003109681 0.0005913883 0.0002620346 0.0003060391 -1.5329790201 1.0745532034 0.0966554813 6.4637805543 5.5263847858 6.1825315977 -0.8362199527 -0.6276461925 0.8394800429 0.4567636074
0.5486487964 0.9270141460 -0.0010630782 -0.0043644189 0.0102954479 0.0072192463 0.0075108239 -0.0038269633 -0.0015481694 -0.0005968083 -0.0004624520 0.0007076276 0.0006374528 0.0003304965 0.0006507905 0.0002784897 0.0003377999 -1.4832208051 1.0413994055 0.0941390664 6.1233048877 5.3421599171 5.9954354491 -0.8158918677 -0.6134019350 0.8106586008 0.4370052766
0.5364222134 0.9206425332 -0.0012154037 -0.0041827703 0.0110714590 0.0075709080 0.0080112227 -0.0040948476 -0.0016689199 -0.0006318463 -0.0004997442 0.0007507404 0.0006636209 0.0003509044 0.0007162557 0.0002968060 0.0003739154 -1.4333931542 1.0090721041 0.0845152443 5.8283240679 5.1748076164 5.8267638746 -0.7940488127 -0.5985944558 0.7810813565 0.4189883117
0.5241956304 0.9139651103 -0.0013546069 -0.0039493418 0.0118476543 0.0079359011 0.0084987791 -0.0043749222 -0.0017800639 -0.0006667274 -0.0005337540 0.0007909207 0.0006940030 0.0003656791 0.0007809107 0.0003189185 0.0004016819 -1.3798206046 0.9833390898 0.0759136861 5.5443865602 5.0629916032 5.5569130533 -0.7728017691 -0.5814123339 0.7508522416 0.3975540894
0.5119690474 0.9070337573 -0.0015540847 -0.0036993485 0.0126293811 0.0082848233 0.0089817120 -0.0046454420 -0.0018849613 -0.0006957619 -0.0005605384 0.0008261418 0.0007190647 0.0003759376 0.0008449711 0.0003390846 0.0004280402 -1.3267838009 0.9556056873 0.0656658195 5.2786809118 4.9417133528 5.3003012056 -0.7483352377 -0.5593106591 0.7198392119 0.3742060377
0.4997424644 0.8997958080 -0.0017651143 -0.0034937385 0.0134262369 0.0086204927 0.0095250560 -0.0049144547 -0.0019906765 -0.0007195919 -0.0005944425 0.0008601197 0.0007345693 0.0003893973 0.0009127150 0.0003549062 0.0004672201 -1.2783168558 0.9196579376 0.0571512856 5.0482164894 4.7761023178 5.1491466103 -0.7212031278 -0.5419806070 0.6911052027 0.3545296906
0.4875158814 0.8922499458 -0.0019992416 -0.0032838032 0.0142317009 0.0089653933 0.0101128965 -0.0051909389 -0.0020867769 -0.0007434571 -0.0006271404 0.0008925669 0.0007474244 0.0004090047 0.0009807382 0.0003699240 0.0005095249 -1.2282591205 0.8817455266 0.0566625929 4.8324362595 4.6006484076 4.9802113100 -0.6956621256 -0.5221516567 0.6633368761 0.3405004624
0.4752892984 0.8843522574 -0.0022441345 -0.0030476510 0.0150302914 0.0093211477 0.0107102899 -0.0054765636 -0.0021637631 -0.0007673097 -0.0006550790 0.0009226979 0.0007593716 0.0004239865 0.0010477294 0.0003869525 0.0005496570 -1.1740147565 0.8445613686 0.0570126693 4.6352480193 4.4498975231 4.7873762028 -0.6717516295 -0.5005298333 0.6367269300 0.3239948171
0.4630627154 0.8760941097 -0.0024779398 -0.0028666616 0.0158346726 0.0096661987 0.0113198832 -0.0057535680 -0.0022300935 -0.0007846771 -0.0006774010 0.0009469608 0.0007692252 0.0004368200 0.0011126230 0.0004035736 0.0005956995 -1.1193315885 0.8098972018 0.0442272845 4.4387945570 4.3147281021 4.6390587180 -0.6453118095 -0.4768600888 0.6090418545 0.3073362406
0.4508361324 0.8676628868 -0.0026822314 -0.0026764495 0.0166087019 0.0100024488 0.0119400029 -0.0060335197 -0.0022735061 -0.0008005926 -0.0006914206 0.0009690583 0.0007808461 0.0004476631 0.0011668549 0.0004202518 0.0006431882 -1.0623339069 0.7807210308 0.0374795197 4.2330082746 4.1958943625 4.5036552984 -0.6212342681 -0.4506843500 0.5839613985 0.2915205592
0.4386095494 0.8590140768 -0.0028635900 -0.0023851836 0.0173710828 0.0103405167 0.0125974019 -0.0063111694 -0.0023054859 -0.0008140319 -0.0007047165 0.0009865352 0.0007894902 0.0004568967 0.0012192773 0.0004367777 0.0007017750 -1.0071925692 0.7505610324 0.0335884414 4.0441049204 4.0794808430 4.4110335385 -0.5973663946 -0.4254843261 0.5588428884 0.2758474495
0.4263829664 0.8500509646 -0.0030578767 -0.0020812044 0.0181353957 0.0106768620 0.0131908700 -0.0065891164 -0.0023243191 -0.0008237929 -0.0007154440 0.0009975810 0.0007941987 0.0004613146 0.0012724811 0.0004530833 0.0007527803 -0.9523481912 0.7193079610 0.0252136404 3.8737056279 3.9685318832 4.3163353161 -0.5728395313 -0.4032841781 0.5325856453 0.2602410103
0.4141563834 0.8407801042 -0.0032609721 -0.0017175921 0.0189308198 0.0110119183 0.0137752003 -0.0068657993 -0.0023362103 -0.0008292918 -0.0007316872 0.0010049574 0.0007998353 0.0004637513 0.0013288860 0.0004705783 0.0008012395 -0.8976559829 0.6914930163 0.0250925608 3.7116362890 3.8746947623 4.2130774336 -0.5472608072 -0.3862842030 0.5061470274 0.2449262134
0.4019298004 0.8313384557 -0.0034534631 -0.0014203261 0.0197508804 0.0113491168 0.0143945454 -0.0071368733 -0.0023498399 -0.0008295759 -0.0007455543 0.0010154553 0.0008030643 0.0004698095 0.0013912692 0.0004877153 0.0008513849 -0.8472104418 0.6636493589 0.0263291670 3.5682326763 3.7815668137 4.1007478519 -0.5202025276 -0.3689028559 0.4829742342 0.2322815563
0.3897032173 0.8216996817 -0.0035895344 -0.0013667296 0.0205165417 0.0117137715 0.0150514706 -0.0074089680 -0.0023601167 -0.0008265501 -0.0007552855 0.0010218975 0.0008099480 0.0004795978 0.0014551450 0.0005084507 0.0009044144 -0.8036023700 0.6382455018 0.0240438308 3.4571622572 3.7001340241 3.9850558187 -0.4927372900 -0.3506218027 0.4605710109 0.2224657890
0.3774766343 0.8118588900 -0.0037094276 -0.0014958205 0.0212169009 0.0120834043 0.0156957756 -0.0076905263 -0.0023566890 -0.0008209311 -0.0007591657 0.0010168726 0.0008098260 0.0004873663 0.0015148531 0.0005282672 0.0009655328 -0.7629145892 0.6091539713 0.0239770777 3.3647808477 3.6131940393 3.9119837286 -0.4664865250 -0.3320906161 0.4363018562 0.2130603969
0.3652500513 0.8017482648 -0.0038274264 -0.0016369991 0.0218894275 0.0124280345 0.0162955091 -0.0079530710 -0.0023355268 -0.0008139273 -0.0007603040 0.0010024483 0.0008056321 0.0004922144 0.0015701293 0.0005478261 0.0010167834 -0.7213554279 0.5809179522 0.0212470887 3.2765144582 3.5422261253 3.8216809428 -0.4426472154 -0.3151872519 0.4109428503 0.2040267131
0.3530234683 0.7914333562 -0.0040036763 -0.0016583262 0.0225417659 0.0127485494 0.0169040687 -0.0081980059 -0.0022985768 -0.0008073600 -0.0007644054 0.0009850360 0.0007997883 0.0004950361 0.0016230636 0.0005663037 0.0010701657 -0.6793406394 0.5549295501 0.0185882244 3.1937288370 3.4799774715 3.7402278788 -0.4218345387 -0.3011272962 0.3871406416 0.1949131196
0.3407968853 0.7810978411 -0.0042269922 -0.0015913503 0.0232102328 0.0130596937 0.0175073802 -0.0084525264 -0.0022568179 -0.0008022321 -0.0007598502 0.0009728546 0.0007911378 0.0004909954 0.0016806137 0.0005835595 0.0011259465 -0.6383528728 0.5293583176 0.0232727303 3.1188039011 3.4172150165 3.6704961101 -0.4033052128 -0.2849279921 0.3669469235 0.1839287878
0.3285703023 0.7707578368 -0.0044883701 -0.0017105604 0.0238983378 0.0133759919 0.0180972816 -0.0087123660 -0.0022154682 -0.0007973178 -0.0007522373 0.0009614760 0.0007806403 0.0004850631 0.0017415267 0.0006017516 0.0011878681 -0.5997314234 0.5038131414 0.0266210115 3.0482054473 3.3589199194 3.6238738245 -0.3857088998 -0.2688243961 0.3480200270 0.1732717336
0.3163437193 0.7603408109 -0.0048184911 -0.0019259319 0.0245261355 0.0136752470 0.0186562770 -0.0089455583 -0.0021545765 -0.0007874256 -0.0007386528 0.0009461177 0.0007695210 0.0004799530 0.0017953793 0.0006185080 0.0012483291 -0.5609260712 0.4803648964 0.0268153823 2.9836391066 3.3024014761 3.5832226474 -0.3677365336 -0.2526928718 0.3299583766 0.1642048112
0.3041171363 0.7496779028 -0.0051767659 -0.0020139994 0.0250599737 0.0139654658 0.0192259599 -0.0091635364 -0.0020768613 -0.0007714368 -0.0007214216 0.0009233490 0.0007540699 0.0004708966 0.0018352835 0.0006350047 0.0013101674 -0.5235219595 0.4560584295 0.0210639310 2.9215679089 3.2508397298 3.5415483026 -0.3488980927 -0.2369594386 0.3118611550 0.1547129327
0.2918905533 0.7387824151 -0.0054693521 -0.0018394632 0.0255602808 0.0142490461 0.0197989609 -0.0093675984 -0.0019923778 -0.0007499517 -0.0007088492 0.0008954419 0.0007415742 0.0004549175 0.0018777039 0.0006529722 0.0013792056 -0.4875511041 0.4351692162 0.0207056499 2.8734272301 3.2106206515 3.5149499048 -0.3290853441 -0.2237803539 0.2935792091 0.1437411705
0.2796639703 0.7278378078 -0.0057178261 -0.0017046349 0.0260307324 0.0145051742 0.0203311378 -0.0095488561 -0.0018962832 -0.0007210735 -0.0006924072 0.0008587929 0.0007231951 0.0004322440 0.0019198912 0.0006665106 0.0014388145 -0.4515992632 0.4132749245 0.0188966865 2.8328045793 3.1633938373 3.4770041237 -0.3080533293 -0.2108040755 0.2740783200 0.1317763779
0.2674373873 0.7169349509 -0.0059246865 -0.0018315811 0.0264746058 0.0147388870 0.0207963615 -0.0097159037 -0.0018134961 -0.0006874763 -0.0006636334 0.0008189553 0.0006959648 0.0004158746 0.0019611790 0.0006762664 0.0014825898 -0.4211176365 0.3882977617 0.0184716506 2.7974486625 3.1093331449 3.4241861219 -0.2866252143 -0.1958368325 0.2549294480 0.1229101512
0.2552108043 0.7061245981 -0.0061248401 -0.0019697770 0.0269204328 0.0149683600 0.0212562857 -0.0098849809 -0.0017487541 -0.0006522306 -0.0006350803 0.0007852372 0.0006680344 0.0004027476 0.0020104208 0.0006878517 0.0015274477 -0.3960610521 0.3641874020 0.0150022258 2.7736048238 3.0657854147 3.3771851103 -0.2655408632 -0.1820026182 0.2385088341 0.1154548319
0.2429842213 0.6952462141 -0.0063836064 -0.0018907564 0.0273435584 0.0151904680 0.0217243435 -0.0100525108 -0.0016751131 -0.0006199136 -0.0006191934 0.0007552775 0.0006356531 0.0003919619 0.0020565670 0.0006981183 0.0015764069 -0.3705579628 0.3391200846 0.0099896180 2.7501935473 3.0219323314 3.3384257195 -0.2467399051 -0.1723882247 0.2241735161 0.1090681802
0.2307576383 0.6842661333 -0.0066668503 -0.0016798278 0.0277348881 0.0153916908 0.0221911311 -0.0102002677 -0.0015785212 -0.0005906666 -0.0005956989 0.0007233184 0.0006005497 0.0003760692 0.0020998201 0.0007060160 0.0016257826 -0.3417797022 0.3142348839 0.0138753705 2.7292427216 2.9775821070 3.3007134336 -0.2303661459 -0.1612069477 0.2102158659 0.1017145668
0.2185310552 0.6731645926 -0.0068845763 -0.0015322765 0.0280630783 0.0155875904 0.0226191003 -0.0103292042 -0.0014694219 -0.0005604146 -0.0005592306 0.0006836021 0.0005666036 0.0003528911 0.0021395043 0.0007159048 0.0016756910 -0.3125345700 0.2909953615 0.0214505633 2.7160322636 2.9444105425 3.2752800360 -0.2145413135 -0.1476454689 0.1950587348 0.0931175143
0.2063044722 0.6620143408 -0.0069999552 -0.0014517393 0.0283279026 0.0157683425 0.0230432028 -0.0104339959 -0.0013602930 -0.0005237654 -0.0005186622 0.0006354359 0.0005304401 0.0003343414 0.0021729234 0.0007266282 0.0017329374 -0.2852340057 0.2678828259 0.0245538235 2.7073720491 2.9211021342 3.2636092924 -0.1973058960 -0.1338300536 0.1785759058 0.0862371281
0.1940778892 0.6509314119 -0.0070861931 -0.0013276596 0.0285845847 0.0159335980 0.0234591927 -0.0105397157 -0.0012448928 -0.0004861346 -0.0004797968 0.0005849487 0.0004968145 0.0003217900 0.0022047224 0.0007358164 0.0017902374 -0.2575604564 0.2470335745 0.0272211470 2.6979943568 2.8971541066 3.2530125455 -0.1804304776 -0.1210327241 0.1620259774 0.0811506466
0.1818513062 0.6399380820 -0.0071542259 -0.0011830950 0.0288694829 0.0160822997 0.0238028143 -0.0106630614 -0.0011161240 -0.0004475800 -0.0004445315 0.0005338247 0.0004643134 0.0003108716 0.0022372924 0.0007434975 0.0018325976 -0.2275477350 0.2276780966 0.0268618796 2.6840969187 2.8736750421 3.2336254277 -0.1637850080 -0.1099429327 0.1456652600 0.0768471325
0.1696247232 0.6287670345 -0.0072126354 -0.0010886257 0.0291009340 0.0162142357 0.0241042518 -0.0107640791 -0.0010106347 -0.0004054779 -0.0004190476 0.0004808987 0.0004251564 0.0002921668 0.0022638513 0.0007511889 0.0018640708 -0.2036520656 0.2059239196 0.0264373097 2.6728590702 2.8563966866 3.2064562497 -0.1465555262 -0.1019309738 0.1295998791 0.0710250712
0.1573981402 0.6174196941 -0.0072641155 -0.0010097380 0.0292937544 0.0163114415 0.0244268685 -0.0108425742 -0.0009018517 -0.0003601680 -0.0003884042 0.0004259849 0.0003785028 0.0002677368 0.0022934585 0.0007548747 0.0018989157 -0.1799072086 0.1816419240 0.0291587941 2.6719379903 2.8362132647 3.1811319177 -0.1289485128 -0.0928994338 0.1136523457 0.0640324304
0.1451715572 0.6059440834 -0.0071879238 -0.0010110633 0.0294690988 0.0163953102 0.0247618170 -0.0109151789 -0.0007735154 -0.0003130731 -0.0003527471 0.0003675415 0.0003367381 0.0002402262 0.0023137636 0.0007569139 0.0019408606 -0.1529057991 0.1602954347 0.0276310586 2.6633111899 2.8146279020 3.1647587124 -0.1111215121 -0.0829781135 0.0971937013 0.0565452464
0.1329449742 0.5944578551 -0.0070492662 -0.0011542759 0.0296264013 0.0164906929 0.0249988821 -0.0109849628 -0.0006502968 -0.0002620124 -0.0003164609 0.0003071321 0.0002953127 0.0002060904 0.0023274543 0.0007611297 0.0019707699 -0.1275420618 0.1392484865 0.0268115918 2.6507737904 2.7973822863 3.1521636719 -0.0921192798 -0.0735497538 0.0805253852 0.0479332910
0.1207183912 0.5830640882 -0.0070085607 -0.0014221263 0.0297349305 0.0165602147 0.0251111187 -0.0110475902 -0.0005414916 -0.0002143435 -0.0002730688 0.0002512744 0.0002478543 0.0001691418 0.0023364224 0.0007627855 0.0019808812 -0.1056089532 0.1160241103 0.0267868619 2.6415201467 2.7797659012 3.1402369265 -0.0748045635 -0.0630692536 0.0654706099 0.0390969881
0.1084918082 0.5717332831 -0.0070212467 -0.0016393919 0.0298154945 0.0166022968 0.0251914999 -0.0111043657 -0.0004336678 -0.0001691363 -0.0002314165 0.0002005906 0.0001971889 0.0001355193 0.0023418454 0.0007638260 0.0019832575 -0.0842037841 0.0918452800 0.0292069288 2.6333627797 2.7697709113 3.1237380822 -0.0587458678 -0.0531567969 0.0520536683 0.0311517619
0.0962652252 0.5603988251 -0.0070165333 -0.0017327837 0.0298979305 0.0166498513 0.0252813183 -0.0111560648 -0.0003345693 -0.0001249650 -0.0001974384 0.0001561862 0.0001467261 0.0001072558 0.0023487543 0.0007688577 0.0019852907 -0.0646496524 0.0680491315 0.0308732776 2.6267396505 2.7725041890 3.1050937027 -0.0431855286 -0.0450785322 0.0403635498 0.0245215449
0.0840386422 0.5490732214 -0.0069979488 -0.0016136348 0.0299815484 0.0166846831 0.0253274664 -0.0111871454 -0.0002445853 -0.0000800105 -0.0001548343 0.0001084013 0.0000988855 0.0000786418 0.0023587744 0.0007732692 0.0019943369 -0.0470152599 0.0458032900 0.0279852720 2.6234925769 2.7768894892 3.1078568100 -0.0275516948 -0.0352392714 0.0279221363 0.0179251042
0.0718120592 0.5377810814 -0.0069560232 -0.0014967663 0.0300481018 0.0166873054 0.0252973030 -0.0111868726 -0.0001377380 -0.0000354386 -0.0001090446 0.0000551557 0.0000575263 0.0000464700 0.0023734730 0.0007736600 0.0019921613 -0.0262719181 0.0266826565 0.0231501391 2.6283226651 2.7771931917 3.1108953164 -0.0121848953 -0.0247500198 0.0141680741 0.0105430276
0.0595854762 0.5264416282 -0.0069301099 -0.0015714390 0.0301048733 0.0166857982 0.0252312607 -0.0111628679 -0.0000273924 0.0000041589 -0.0000758967 0.0000034232 0.0000168531 0.0000084186 0.0023917020 0.0007738157 0.0019783798 -0.0049818793 0.0078761409 0.0166623363 2.6384438731 2.7782525768 3.1051697558 0.0014792240 -0.0171487173 0.0007940703 0.0018305851
0.0473588931 0.5151194336 -0.0069211650 -0.0017431882 0.0301522129 0.0166845463 0.0251772033 -0.0111310430 0.0000680546 0.0000428692 -0.0000388091 -0.0000433959 -0.0000241830 -0.0000219568 0.0024039232 0.0007745983 0.0019666052 0.0133725451 -0.0111654707 0.0180726319 2.6434977884 2.7816399760 3.1004777166 0.0148650686 -0.0086398145 -0.0112883393 -0.0051487115
0.0351323101 0.5040140209 -0.0069130379 -0.0019234703 0.0301524939 0.0166779357 0.0251124940 -0.0111037970 0.0001508077 0.0000790071 0.0000132636 -0.0000803486 -0.0000661324 -0.0000467984 0.0024001741 0.0007763511 0.0019627970 0.0292416963 -0.0307353148 0.0203082483 2.6392626056 2.7900721923 3.1105213903 0.0273712983 0.0033561578 -0.0208113408 -0.0108884346
0.0229057271 0.4930863230 -0.0068607456 -0.0020403164 0.0301012074 0.0166483839 0.0249997991 -0.0110779543 0.0002321459 0.0001135396 0.0000666749 -0.0001103906 -0.0001083677 -0.0000713315 0.0023899107 0.0007759943 0.0019624739 0.0448661009 -0.0506203957 0.0303728560 2.6369678518 2.7988089313 3.1388077924 0.0393932582 0.0157465740 -0.0286034902 -0.0166253433
0.0106791441 0.4822235008 -0.0068401728 -0.0020565253 0.0299906209 0.0165959141 0.0248477924 -0.0110489208 0.0003040285 0.0001502459 0.0001180079 -0.0001386661 -0.0001493480 -0.0001065511 0.0023713462 0.0007727609 0.0019474861 0.0589605217 -0.0701361344 0.0368560291 2.6358394315 2.8048068310 3.1538242582 0.0523325534 0.0278055375 -0.0360493858 -0.0249037115
-0.0015474389 0.4713191372 -0.0068040379 -0.0020377025 0.0298702703 0.0165475357 0.0247165246 -0.0110324841 0.0003739550 0.0001866360 0.0001667171 -0.0001701213 -0.0001931410 -0.0001407680 0.0023541700 0.0007698434 0.0019266281 0.0728686920 -0.0911491921 0.0363228441 2.6379356729 2.8103946229 3.1529250951 0.0653205738 0.0393921689 -0.0444145485 -0.0330857731
-0.0137740219 0.4603172510 -0.0067598907 -0.0020649632 0.0297174170 0.0164951922 0.0245936246 -0.0110151424 0.0004573109 0.0002180829 0.0002074473 -0.0002061750 -0.0002359099 -0.0001708051 0.0023386161 0.0007684545 0.0019073065 0.0897034766 -0.1118473867 0.0318583087 2.6477820108 2.8227443515 3.1528803793 0.0768162100 0.0492798386 -0.0542011894 -0.0404374956
-0.0260006049 0.4493292960 -0.0066868307 -0.0020907049 0.0295425214 0.0164205821 0.0243859930 -0.0109687817 0.0005546355 0.0002470482 0.0002364070 -0.0002458193 -0.0002762720 -0.0001942918 0.0023185621 0.0007669040 0.0018764767 0.1096170016 -0.1318872145 0.0306058467 2.6562852496 2.8425025085 3.1544403163 0.0877335240 0.0567195115 -0.0651706705 -0.0465045521
-0.0382271879 0.4384557420 -0.0064849753 -0.0020480851 0.0293631894 0.0163245178 0.0241543624 -0.0109159672 0.0006454684 0.0002780865 0.0002655323 -0.0002843979 -0.0003105374 -0.0002124742 0.0022994551 0.0007631844 0.0018402120 0.1286569858 -0.1494106958 0.0320344576 2.6665155523 2.8618507314 3.1515002590 0.0996836310 0.0645189778 -0.0761030752 -0.0515589036
-0.0504537709 0.4276807464 -0.0062456542 -0.0019900326 0.0291616348 0.0162205827 0.0239216924 -0.0108654591 0.0007372072 0.0003089525 0.0003017236 -0.0003224186 -0.0003336407 -0.0002420026 0.0022796903 0.0007587351 0.0018057937 0.1484093989 -0.1620392319 0.0376403183 2.6800551296 2.8811753640 3.1521112620 0.1118756946 0.0743687132 -0.0871666546 -0.0594915246
-0.0626803539 0.4170263995 -0.0060462073 -0.0020466107 0.0289678398 0.0160841117 0.0237080260 -0.0107992240 0.0008278599 0.0003359562 0.0003314587 -0.0003605277 -0.0003513981 -0.0002637298 0.0022544845 0.0007516700 0.0017809068 0.1683149365 -0.1730024266 0.0406937555 2.6857373878 2.9027014233 3.1651574311 0.1231197279 0.0827832663 -0.0985178010 -0.0655939897
-0.0749069369 0.4064341918 -0.0059192594 -0.0021006894 0.0287332250 0.0159158877 0.0234352814 -0.0107078560 0.0008945841 0.0003604601 0.0003538804 -0.0003968210 -0.0003762378 -0.0002741549 0.0022194748 0.0007411665 0.0017466258 0.1840911232 -0.1884023337 0.0450059960 2.6872066107 2.9227824938 3.1774228013 0.1341480754 0.0898245827 -0.1099212507 -0.0692640439
-0.0871335199 0.3958538369 -0.0057565470 -0.0022690130 0.0284411333 0.0157647176 0.0231030404 -0.0106110546 0.0009516215 0.0003882003 0.0003811831 -0.0004330725 -0.0004029000 -0.0002870255 0.0021808902 0.0007314475 0.0017031553 0.1988313871 -0.2047691591 0.0382379515 2.6949473340 2.9400868636 3.1886602464 0.1466977995 0.0987042372 -0.1217816612 -0.0740039140
-0.0993601029 0.3853072208 -0.0054436226 -0.0024562159 0.0281471477 0.0156115047 0.0227439222 -0.0104942869 0.0010214605 0.0004192384 0.0004132526 -0.0004669386 -0.0004298349 -0.0002995395 0.0021425914 0.0007215835 0.0016513714 0.2168481237 -0.2215713071 0.0257421189 2.7030922278 2.9572322028 3.1891856442 0.1609070645 0.1093010020 -0.1333578410 -0.0788976846
-0.1115866859 0.3748279219 -0.0050523060 -0.0025961828 0.0278870283 0.0154413416 0.0223765911 -0.0103661384 0.0011081710 0.0004477445 0.0004383524 -0.0005052548 -0.0004562396 -0.0003130002 0.0021153933 0.0007103776 0.0016003218 0.2384744155 -0.2389273768 0.0227967979 2.7182049769 2.9756555976 3.1923943628 0.1746055485 0.1184021474 -0.1464531495 -0.0842285962
-0.1238132690 0.3645090519 -0.0046776550 -0.0027031354 0.0276160052 0.0152574407 0.0219434113 -0.0102247585 0.0012012520 0.0004708326 0.0004597366 -0.0005444181 -0.0004777548 -0.0003271637 0.0020916019 0.0006972173 0.0015454512 0.2623080941 -0.2547725467 0.0234245353 2.7403795742 2.9918104477 3.2057139185 0.1868777194 0.1272285176 -0.1603258770 -0.0902773170
-0.1360398520 0.3542926971 -0.0043837644 -0.0027011698 0.0272728697 0.0150461288 0.0215006679 -0.0100595002 0.0012803111 0.0004904090 0.0004771623 -0.0005760067 -0.0004962534 -0.0003338348 0.0020517935 0.0006826758 0.0014924231 0.2851301234 -0.2702343736 0.0243313881 2.7564371433 3.0113009745 3.2243837561 0.1987932436 0.1355996185 -0.1730803635 -0.0947055065
-0.1482664350 0.3441625209 -0.0041917439 -0.0025600640 0.0268990952 0.0148177693 0.0210522819 -0.0098801347 0.0013506509 0.0005106315 0.0004948512 -0.0006073184 -0.0005165200 -0.0003397400 0.0020068215 0.0006690414 0.0014436619 0.3074617765 -0.2877138602 0.0219725250 2.7716221613 3.0418735119 3.2533523538 0.2116843419 0.1446563464 -0.1865477876 -0.0992143990
-0.1604930180 0.3341918444 -0.0040702109 -0.0024718863 0.0264981750 0.0146006517 0.0205934118 -0.0097193638 0.0014096257 0.0005353287 0.0005098016 -0.0006413486 -0.0005386516 -0.0003474704 0.0019634737 0.0006579210 0.0013978588 0.3283591489 -0.3067177037 0.0204709624 2.7940150310 3.0811164210 3.2911227340 0.2268670242 0.1534740240 -0.2014081855 -0.1045545792
-0.1727196010 0.3243665586 -0.0039267295 -0.0025083930 0.0260660558 0.0143662027 0.0201187959 -0.0095552139 0.0014690847 0.0005602979 0.0005231339 -0.0006751313 -0.0005548134 -0.0003475962 0.0019184916 0.0006422962 0.0013428254 0.3507739554 -0.3236519775 0.0217710314 2.8199867576 3.1078788514 3.3126679773 0.2432369408 0.1626505912 -0.2171516577 -0.1080238752
-0.1849461840 0.3146036756 -0.0036924374 -0.0025068533 0.0256449712 0.0141220498 0.0196362122 -0.0093760393 0.0015274156 0.0005796812 0.0005378746 -0.0007019940 -0.0005719373 -0.0003512030 0.0018692316 0.0006268362 0.0012869741 0.3739824840 -0.3423113285 0.0222942775 2.8385087003 3.1402500349 3.3336125590 0.2580495377 0.1728269353 -0.2315702081 -0.1128589669
-0.1971727670 0.3048566854 -0.0033926522 -0.0023778116 0.0252184366 0.0138988049 0.0191453586 -0.0091819150 0.0015769791 0.0005934522 0.0005424479 -0.0007176251 -0.0005936055 -0.0003549179 0.0018219084 0.0006162674 0.0012318408 0.3962331095 -0.3637025320 0.0215575171 2.8621789058 3.1878292345 3.3560930331 0.2706454650 0.1801920689 -0.2428656978 -0.1180104630
-0.2093993500 0.2951183580 -0.0030969446 -0.0023261674 0.0247502716 0.0136724770 0.0186389721 -0.0089689735 0.0016151351 0.0006083694 0.0005376700 -0.0007293639 -0.0006116770 -0.0003565224 0.0017716322 0.0006040463 0.0011786221 0.4173971596 -0.3840240476 0.0196331945 2.8895194673 3.2287937974 3.3861385100 0.2847218350 0.1851379134 -0.2536239712 -0.1228519731
-0.2216259330 0.2854602070 -0.0027796487 -0.0024617613 0.0242548770 0.0134266032 0.0181213329 -0.0087480044 0.0016515206 0.0006235125 0.0005355804 -0.0007392383 -0.0006241660 -0.0003619704 0.0017191382 0.0005898459 0.0011319349 0.4396941300 -0.4028523165 0.0193758152 2.9183860640 3.2696956461 3.4392241172 0.3002326439 0.1916629191 -0.2645722069 -0.1295488818
-0.2338525160 0.2759952995 -0.0024141928 -0.0026558770 0.0237568704 0.0131536659 0.0176299101 -0.0085246957 0.0016828777 0.0006336359 0.0005423526 -0.0007486734 -0.0006275221 -0.0003652184 0.0016641817 0.0005745327 0.0010858043 0.4622497086 -0.4179753296 0.0256304128 2.9442321486 3.3175251638 3.4833164900 0.3144717622 0.2015720162 -0.2761948698 -0.1359084886
-0.2460790990 0.2667197352 -0.0020814848 -0.0027452619 0.0232668438 0.0128789809 0.0171792271 -0.0082838923 0.0017145641 0.0006380448 0.0005503429 -0.0007561881 -0.0006294822 -0.0003613139 0.0016133550 0.0005595632 0.0010398888 0.4863554792 -0.4329269735 0.0290967047 2.9762063229 3.3696128714 3.5141947350 0.3265163947 0.2121499403 -0.2878739030 -0.1395138134
-0.2583056820 0.2575353076 -0.0018355612 -0.0027747418 0.0227575906 0.0126078025 0.0166945153 -0.0080530114 0.0017380365 0.0006410140 0.0005466550 -0.0007591940 -0.0006266791 -0.0003576673 0.0015636322 0.0005435120 0.0009924621 0.5103198190 -0.4449850598 0.0284068658 3.0149227616 3.4158550470 3.5509783160 0.3386678472 0.2192986608 -0.2988355995 -0.1437119012
-0.2705322650 0.2484083641 -0.0016470375 -0.0028283231 0.0222069197 0.0123294533 0.0161738522 -0.0078201744 0.0017423417 0.0006429994 0.0005415933 -0.0007606620 -0.0006184274 -0.0003582800 0.0015068728 0.0005250740 0.0009375544 0.5311574146 -0.4539302248 0.0247038970 3.0506452092 3.4514182276 3.5745663953 0.3515616111 0.2269020922 -0.3102586111 -0.1502865037
-0.2827588480 0.2393516214 -0.0015008916 -0.0027645764 0.0216333678 0.0120566659 0.0156412008 -0.0075956543 0.0017450258 0.0006470032 0.0005287060 -0.0007630137 -0.0006170876 -0.0003563212 0.0014492232 0.0005083426 0.0008863668 0.5533314809 -0.4682058599 0.0213359685 3.0900967095 3.4950181126 3.6147313200 0.3664908035 0.2318624959 -0.3228766660 -0.1565187556
-0.2949854311 0.2304272549 -0.0013431387 -0.0026844273 0.0210983889 0.0118082025 0.0151408054 -0.0073905270 0.0017552712 0.0006504921 0.0005266021 -0.0007647167 -0.0006202066 -0.0003601036 0.0013982507 0.0004962736 0.0008458210 0.5779858060 -0.4854521367 0.0252982438 3.1337350076 3.5558337460 3.6794075072 0.3810773521 0.2415111090 -0.3353307388 -0.1652111190
-0.3072120141 0.2216687105 -0.0011004419 -0.0026220313 0.0205774929 0.0115581551 0.0146253060 -0.0071814627 0.0017670136 0.0006503518 0.0005297007 -0.0007633804 -0.0006228881 -0.0003607569 0.0013498292 0.0004855155 0.0008022742 0.6041558215 -0.5035161471 0.0316323880 3.1809988367 3.6290077322 3.7396886026 0.3945347440 0.2547289810 -0.3473191543 -0.1732792251
-0.3194385971 0.2130181271 -0.0007744340 -0.0025548480 0.0200213468 0.0113097825 0.0141131142 -0.0069652343 0.0017740242 0.0006481049 0.0005332283 -0.0007616039 -0.0006208786 -0.0003544191 0.0012984273 0.0004717773 0.0007560530 0.6319441144 -0.5182006583 0.0364939361 3.2322399045 3.6799399916 3.7857102266 0.4077021908 0.2696390629 -0.3603453945 -0.1789699565
-0.3316651801 0.2044541368 -0.0004709270 -0.0026046653 0.0194542934 0.0110467640 0.0136047773 -0.0067387136 0.0017726170 0.0006466090 0.0005299019 -0.0007604548 -0.0006182758 -0.0003471430 0.0012498624 0.0004552656 0.0007113683 0.6593542986 -0.5341351302 0.0452818345 3.2959200070 3.7213911528 3.8337505365 0.4226579178 0.2819298049 -0.3747121262 -0.1842567779
-0.3438917631 0.1960610094 -0.0001966216 -0.0027743140 0.0189355770 0.0107599661 0.0131272034 -0.0065103954 0.0017693958 0.0006473726 0.0005271875 -0.0007597078 -0.0006120071 -0.0003453139 0.0012069966 0.0004395948 0.0006739775 0.6857908731 -0.5494316200 0.0489590972 3.3618414201 3.7858939922 3.9024097653 0.4400531346 0.2945451463 -0.3898212148 -0.1922578300
-0.3561183461 0.1878345905 0.0000811800 -0.0030130330 0.0184367134 0.0104526683 0.0126662917 -0.0062956905 0.0017674677 0.0006480455 0.0005228297 -0.0007600480 -0.0006048345 -0.0003422162 0.0011665470 0.0004236356 0.0006413436 0.7137651181 -0.5667490553 0.0461353468 3.4301593559 3.8628599383 3.9914326891 0.4591874502 0.3071062627 -0.4068148145 -0.2000592837
-0.3683449291 0.1796498697 0.0004047659 -0.0032089207 0.0178898299 0.0101308414 0.0122003912 -0.0060774626 0.0017669524 0.0006421991 0.0005162138 -0.0007571688 -0.0005958037 -0.0003316656 0.0011288009 0.0004045083 0.0006077090 0.7472301817 -0.5852198997 0.0416476617 3.5279356792 3.9270243579 4.0828131551 0.4767187437 0.3192955656 -0.4244729183 -0.2042853660
-0.3805715121 0.1715132861 0.0007725873 -0.0032410598 0.0173005651 0.0098220915 0.0117198817 -0.0058447265 0.0017602353 0.0006321818 0.0005095742 -0.0007495233 -0.0005845209 -0.0003189803 0.0010884764 0.0003864480 0.0005714752 0.7832527745 -0.6013629520 0.0415685836 3.6398780218 3.9927442477 4.1531831129 0.4927067936 0.3335489471 -0.4412882363 -0.2081065472
-0.3927980951 0.1635615414 0.0011373040 -0.0032317267 0.0167241459 0.0095260003 0.0112427497 -0.0056098982 0.0017467719 0.0006207716 0.0005007248 -0.0007370726 -0.0005721992 -0.0003071676 0.0010446330 0.0003696272 0.0005326235 0.8181991422 -0.6163936754 0.0480969390 3.7394108536 4.0619043431 4.1963261983 0.5077848620 0.3484077595 -0.4557521238 -0.2129728903
-0.4050246781 0.1558364756 0.0014107407 -0.0032899364 0.0161739900 0.0092433513 0.0107862083 -0.0053914533 0.0017275396 0.0006104812 0.0004916809 -0.0007239188 -0.0005656945 -0.0003001479 0.0010003397 0.0003560319 0.0004942631 0.8515747443 -0.6371466145 0.0403657241 3.8332455493 4.1536553818 4.2315430492 0.5235515392 0.3631764096 -0.4699670620 -0.2203090946
-0.4172512611 0.1482797105 0.0016590460 -0.0032530542 0.0156014233 0.0089647580 0.0103603556 -0.0051749194 0.0016897926 0.0005981974 0.0004838797 -0.0007090982 -0.0005595195 -0.0002964509 0.0009494133 0.0003426709 0.0004621297 0.8808333881 -0.6596922592 0.0292556597 3.9207283970 4.2476835004 4.2849650321 0.5386934828 0.3787760072 -0.4848897393 -0.2298503220
-0.4294778441 0.1408206390 0.0019349031 -0.0033221801 0.0149961524 0.0086723028 0.0099102558 -0.0049473485 0.0016433967 0.0005802669 0.0004710757 -0.0006902031 -0.0005463358 -0.0002870256 0.0008949681 0.0003266241 0.0004313580 0.9100210457 -0.6773071595 0.0209021736 4.0063334635 4.3264830159 4.3733620401 0.5507829767 0.3925916879 -0.4992267275 -0.2369726524
-0.4417044271 0.1334362845 0.0022320636 -0.0034977914 0.0143865111 0.0083809081 0.0094713397 -0.0047158208 0.0015997362 0.0005600271 0.0004514023 -0.0006692549 -0.0005273871 -0.0002756645 0.0008455347 0.0003096230 0.0004013813 0.9419970373 -0.6888450392 0.0227492814 4.1083991118 4.3965144065 4.4680382275 0.5620916302 0.4016774007 -0.5130860849 -0.2436946054
-0.4539310102 0.1261709862 0.0024975719 -0.0035890558 0.0137895452 0.0081014551 0.0090858844 -0.0044894982 0.0015566418 0.0005408868 0.0004340505 -0.0006482395 -0.0005088300 -0.0002699938 0.0008015146 0.0002941357 0.0003758183 0.9755459919 -0.6999388591 0.0361254079 4.2291577658 4.4769634625 4.5594196633 0.5745294221 0.4117288605 -0.5268036391 -0.2542274085
-0.4661575932 0.1190494257 0.0027790460 -0.0034827756 0.0131960587 0.0078175692 0.0087135431 -0.0042660167 0.0015084482 0.0005225228 0.0004217212 -0.0006248579 -0.0004938704 -0.0002638021 0.0007589864 0.0002797608 0.0003544663 1.0093510167 -0.7169357072 0.0435352354 4.3650103659 4.5825764109 4.6793606833 0.5886471842 0.4272231497 -0.5399211260 -0.2655801840
-0.4783841762 0.1121400887 0.0030578300 -0.0032943442 0.0126063777 0.0075314561 0.0082914724 -0.0040477813 0.0014578108 0.0005057437 0.0004036353 -0.0005994119 -0.0004820398 -0.0002514646 0.0007161469 0.0002663174 0.0003297412 1.0454962428 -0.7399323737 0.0491178989 4.5162755619 4.7080126794 4.7955196583 0.6050441613 0.4412848030 -0.5518823066 -0.2739423879
-0.4906107592 0.1055292751 0.0033042824 -0.0030919235 0.0120352062 0.0072497699 0.0078644391 -0.0038321376 0.0014052013 0.0004883783 0.0003808366 -0.0005731745 -0.0004703508 -0.0002372776 0.0006747036 0.0002532182 0.0003044742 1.0803480319 -0.7652568317 0.0490091715 4.6693050115 4.8406735825 4.9222938069 0.6209168099 0.4501007930 -0.5626544423 -0.2806768945
-0.5028373422 0.0992417003 0.0035294731 -0.0029614785 0.0114783050 0.0069759549 0.0074618140 -0.0036301293 0.0013502841 0.0004708635 0.0003596314 -0.0005512600 -0.0004562178 -0.0002250614 0.0006326540 0.0002405635 0.0002781710 1.1129132899 -0.7879436439 0.0489473944 4.8078986582 4.9767795957 4.9983510430 0.6374757804 0.4588991581 -0.5784169878 -0.2893507274
-0.5150639252 0.0932215303 0.0037912096 -0.0027978496 0.0109257235 0.0066976821 0.0070767229 -0.0034388495 0.0012908099 0.0004537782 0.0003393033 -0.0005307656 -0.0004404480 -0.0002142399 0.0005891973 0.0002277107 0.0002524034 1.1447571135 -0.8083070935 0.0470317555 4.9464853725 5.1095222514 5.0473564208 0.6565464807 0.4686517092 -0.5981735357 -0.2988980083
-0.5272905082 0.0874349156 0.0041069649 -0.0026286256 0.0103858108 0.0064186168 0.0067049718 -0.0032423292 0.0012333655 0.0004346173 0.0003209666 -0.0005070375 -0.0004226792 -0.0002023003 0.0005498377 0.0002145555 0.0002326911 1.1800936124 -0.8252355401 0.0398153236 5.1103594946 5.2381768721 5.1830533785 0.6734189750 0.4796392653 -0.6148829568 -0.3051354712
-0.5395170912 0.0818320236 0.0044593547 -0.0025414650 0.0098702636 0.0061538426 0.0063587239 -0.0030502998 0.0011835151 0.0004147949 0.0003051329 -0.0004825970 -0.0004080148 -0.0001907895 0.0005167926 0.0002030248 0.0002142182 1.2209767061 -0.8477274416 0.0274339381 5.3092507760 5.3965467797 5.2907916991 0.6874614916 0.4922081932 -0.6288251523 -0.3106576914
-0.5517436742 0.0763669892 0.0047902913 -0.0025228642 0.0093557367 0.0059062768 0.0060401552 -0.0028589665 0.0011350418 0.0003941188 0.0002912844 -0.0004562513 -0.0003955390 -0.0001828098 0.0004875152 0.0001933562 0.0001977018 1.2646479086 -0.8739576208 0.0194444045 5.5534654910 5.5865346908 5.3987448878 0.6973078865 0.5068860870 -0.6387591247 -0.3212863192
-0.5639702572 0.0711202389 0.0051012859 -0.0024817850 0.0088440812 0.0056681201 0.0057440395 -0.0026694324 0.0010808597 0.0003733522 0.0002736457 -0.0004296789 -0.0003810632 -0.0001732479 0.0004590339 0.0001840591 0.0001826207 1.3045127667 -0.8947513383 0.0165926006 5.8289265836 5.7795483416 5.5281627774 0.7051222989 0.5155024850 -0.6475540587 -0.3294898489
-0.5761968402 0.0661409499 0.0053907351 -0.0023762691 0.0083494515 0.0054287774 0.0054623208 -0.0024801604 0.0010237837 0.0003527645 0.0002558319 -0.0004037841 -0.0003631597 -0.0001625064 0.0004283323 0.0001737776 0.0001688449 1.3433311426 -0.9085461989 0.0152434453 6.1017972311 5.9501679850 5.6625367450 0.7136252547 0.5214697975 -0.6569727349 -0.3335364987
-0.5884234232 0.0613754158 0.0056323564 -0.0022494089 0.0078743977 0.0051903675 0.0051883913 -0.0023002490 0.0009615191 0.0003324834 0.0002406053 -0.0003768153 -0.0003454158 -0.0001554369 0.0003935073 0.0001630075 0.0001550560 1.3787169118 -0.9238282323 0.0168726952 6.3450992982 6.1074695889 5.7602968780 0.7235640915 0.5294431453 -0.6642544989 -0.3438684528
-0.6006500062 0.0567571687 0.0058505872 -0.0021720981 0.0074116197 0.0049666492 0.0049309938 -0.0021308413 0.0008955122 0.0003131692 0.0002289228 -0.0003503290 -0.0003283333 -0.0001494197 0.0003583280 0.0001533292 0.0001427139 1.4061552745 -0.9366647545 0.0145868354 6.5505540652 6.2699440861 5.8658087073 0.7318034359 0.5447602156 -0.6692918205 -0.3566600369
-0.6128765892 0.0523306590 0.0060845071 -0.0021960766 0.0069587386 0.0047511321 0.0046874988 -0.0019680406 0.0008293533 0.0002930174 0.0002154870 -0.0003254196 -0.0003086892 -0.0001407459 0.0003260456 0.0001443287 0.0001319481 1.4278991347 -0.9389680080 0.0028689097 6.7439659406 6.4386667703 5.9888126624 0.7351297221 0.5551633956 -0.6740938708 -0.3631202004
-0.6251031723 0.0481746295 0.0063295719 -0.0022455449 0.0065238500 0.0045310233 0.0044441575 -0.0018177017 0.0007666091 0.0002732985 0.0001997129 -0.0003032295 -0.0002909117 -0.0001317601 0.0002972940 0.0001356108 0.0001220907 1.4486851801 -0.9515749368 -0.0057404765 6.9692781620 6.6639982602 6.1610960539 0.7409469058 0.5593933305 -0.6836182890 -0.3708394194
-0.6373297553 0.0442447848 0.0065948106 -0.0022442234 0.0061252307 0.0043030613 0.0042228541 -0.0016741659 0.0007131223 0.0002532472 0.0001858421 -0.0002808451 -0.0002713571 -0.0001222610 0.0002740026 0.0001264538 0.0001142663 1.4746751619 -0.9584832373 -0.0138113783 7.2548784873 6.8930342138 6.3977135271 0.7441284120 0.5663581517 -0.6890508701 -0.3753809004
-0.6495563383 0.0404887696 0.0068743493 -0.0021537424 0.0057566805 0.0040823657 0.0040112531 -0.0015436830 0.0006610159 0.0002350991 0.0001733162 -0.0002606553 -0.0002539000 -0.0001136482 0.0002526480 0.0001175013 0.0001089920 1.4904987179 -0.9679427170 -0.0074914249 7.5085558226 7.1041517816 6.7432200008 0.7493502257 0.5732153091 -0.6969177503 -0.3783817559
-0.6617829213 0.0366869486 0.0072447042 -0.0020875685 0.0053625508 0.0038418337 0.0036770913 -0.0014091434 0.0006053305 0.0002161750 0.0001548735 -0.0002411703 -0.0002327779 -0.0001011355 0.0002300428 0.0001069814 0.0000966083 1.5071314616 -0.9742992946 0.0083264932 7.8054718634 7.3268831723 7.1170152983 0.7584368798 0.5785421131 -0.7136393098 -0.3835945087
-0.6740095043 0.0334327385 0.0074262282 -0.0021119797 0.0050143014 0.0036360392 0.0034404932 -0.0012920750 0.0005580216 0.0002007024 0.0001434718 -0.0002252332 -0.0002182630 -0.0000926224 0.0002098877 0.0000990019 0.0000872614 1.5326251477 -0.9985400851 0.0053386240 8.1397471326 7.6222036960 7.2872208963 0.7715391769 0.5922726435 -0.7335135427 -0.3940135899
-0.6862360873 0.0303937203 0.0075152836 -0.0021210750 0.0046823710 0.0034477953 0.0032324885 -0.0011875602 0.0005098050 0.0001875022 0.0001299330 -0.0002105277 -0.0002082120 -0.0000861664 0.0001893117 0.0000937544 0.0000789101 1.5485354672 -1.0341679573 0.0097618600 8.4353866144 8.0490069011 7.4684094952 0.7862212500 0.5901935814 -0.7546045872 -0.4068575001
-0.6984626703 0.0275116033 0.0076011684 -0.0020992662 0.0043641601 0.0032598061 0.0030432259 -0.0010920444 0.0004599237 0.0001735124 0.0001198937 -0.0001947402 -0.0001967901 -0.0000816835 0.0001688361 0.0000871446 0.0000732624 1.5446687368 -1.0641642229 0.0001533572 8.6325070967 8.3816698930 7.7936285145 0.7940764066 0.5958291674 -0.7675052672 -0.4243816895
-0.7106892533 0.0248349808 0.0077191915 -0.0020500347 0.0040642601 0.0030746467 0.0028530920 -0.0009989723 0.0004127314 0.0001586264 0.0001109157 -0.0001768765 -0.0001852115 -0.0000775536 0.0001501273 0.0000806708 0.0000659613 1.5233428968 -1.0941165957 0.0105048878 8.7082919891 8.7270751774 7.9579368936 0.7929519111 0.6039165453 -0.7637788418 -0.4438700863
-0.7229158363 0.0224124860 0.0078657220 -0.0020702306 0.0037896734 0.0028929151 0.0026640134 -0.0009124247 0.0003712158 0.0001444498 0.0001024315 -0.0001599153 -0.0001740395 -0.0000729277 0.0001335530 0.0000748571 0.0000595501 1.5017542618 -1.1283496317 0.0064356595 8.7536168564 9.1692130814 8.1725854466 0.7895338492 0.6152906802 -0.7561679463 -0.4604212428
-0.7351424193 0.0201654569 0.0080208768 -0.0021535963 0.0035377828 0.0027138261 0.0024803665 -0.0008286825 0.0003336480 0.0001303465 0.0000916525 -0.0001433251 -0.0001630005 -0.0000670807 0.0001193056 0.0000685496 0.0000514287 1.4825658222 -1.1640826288 -0.0167989929 8.8655849397 9.5303772490 8.1652647431 0.7824292900 0.6106939060 -0.7430584807 -0.4647677162
-0.7473690023 0.0180710557 0.0081694414 -0.0022231052 0.0032994586 0.0025393268 0.0023147710 -0.0007465137 0.0002976958 0.0001170371 0.0000819063 -0.0001275127 -0.0001500425 -0.0000606886 0.0001059803 0.0000623623 0.0000452088 1.4620867976 -1.1777572495 -0.0194389624 9.0187682280 9.8918161556 8.3419535757 0.7725127642 0.6031187758 -0.7272160555 -0.4624581302
-0.7595955853 0.0160051912 0.0083979414 -0.0022269854 0.0030578950 0.0023559721 0.0021390509 -0.0006607041 0.0002577629 0.0001021436 0.0000733983 -0.0001105332 -0.0001355465 -0.0000543559 0.0000912470 0.0000559241 0.0000408408 1.4183923086 -1.1817805704 -0.0303065153 9.0631055940 10.3037297912 8.9762682617 0.7478626321 0.6075234557 -0.7014898040 -0.4613918995
-0.7718221683 0.0141816357 0.0085618749 -0.0021422002 0.0028494886 0.0022015158 0.0020101907 -0.0005886133 0.0002220653 0.0000900851 0.0000663792 -0.0000971538 -0.0001235240 -0.0000501158 0.0000777872 0.0000506049 0.0000381756 1.3497412938 -1.1931752287 -0.0393034564 8.8080196787 10.6751756093 9.5326292222 0.7248596397 0.6031164950 -0.6805241650 -0.4681042098
-0.7840487513 0.0125562363 0.0087028808 -0.0021166927 0.0026606883 0.0020618477 0.0018752496 -0.0005258340 0.0001935116 0.0000800799 0.0000596994 -0.0000864029 -0.0001134006 -0.0000456030 0.0000675147 0.0000458415 0.0000350526 1.2921014805 -1.2126430210 -0.0583761794 8.6714680629 11.0310604333 10.0992526371 0.7055982504 0.5961904636 -0.6650545734 -0.4724368656
-0.7962753344 0.0111079985 0.0088418653 -0.0021651099 0.0024914129 0.0019379712 0.0017396742 -0.0004672048 0.0001694131 0.0000705082 0.0000510052 -0.0000769082 -0.0001042944 -0.0000394193 0.0000590565 0.0000416485 0.0000285652 1.2315539786 -1.2239610215 -0.0221498162 8.5045451207 11.3448272642 9.4476027365 0.6773386242 0.5600266888 -0.6472782048 -0.4521862914
-0.8085019174 0.0097901540 0.0089909328 -0.0021953150 0.0023398924 0.0018205972 0.0016224360 -0.0004112520 0.0001486407 0.0000610150 0.0000443031 -0.0000678420 -0.0000949124 -0.0000343321 0.0000520236 0.0000375980 0.0000234015 1.1750747558 -1.2131564813 0.0268389022 8.4061411206 11.5079875022 8.7194009536 0.6354780363 0.5347890416 -0.6233803312 -0.4316429676
-0.8207285004 0.0086021799 0.0091251554 -0.0021510588 0.0022059121 0.0017052182 0.0015260100 -0.0003608545 0.0001295287 0.0000521712 0.0000399130 -0.0000601841 -0.0000856512 -0.0000317666 0.0000458662 0.0000336385 0.0000210447 1.1095017775 -1.1888044133 0.0301911463 8.2487849695 11.5231463682 8.7666512511 0.5860840592 0.5225696459 -0.5986029452 -0.4310881265
-0.8329550834 0.0075450633 0.0092505990 -0.0020350404 0.0020836136 0.0015947541 0.0014436079 -0.0003160587 0.0001119784 0.0000448402 0.0000362859 -0.0000530027 -0.0000762594 -0.0000293579 0.0000403432 0.0000299194 0.0000192928 1.0285182139 -1.1570372490 0.0212401714 7.9417223150 11.6068688427 8.8241785131 0.5415742223 0.5104810766 -0.5661161624 -0.4308181056
-0.8451816664 0.0065830467 0.0093348322 -0.0019372754 0.0019693422 0.0014916022 0.0013689047 -0.0002747017 0.0000957918 0.0000386314 0.0000322659 -0.0000459031 -0.0000677054 -0.0000266288 0.0000351041 0.0000266280 0.0000173468 0.9403232920 -1.1300194883 0.0074107129 7.5752964122 11.7631703727 8.7663951030 0.5023093465 0.4876445332 -0.5292099127 -0.4229233703
-0.8574082494 0.0056982771 0.0093685768 -0.0019032289 0.0018599890 0.0013971071 0.0012946789 -0.0002369061 0.0000809615 0.0000330581 0.0000279650 -0.0000388809 -0.0000608144 -0.0000236046 0.0000299141 0.0000240034 0.0000156090 0.8608307121 -1.1140988458 0.0016599457 7.2066439406 11.9875250992 8.6875315730 0.4607169149 0.4573944793 -0.4863549997 -0.4042133023
-0.8696348324 0.0048980220 0.0093698631 -0.0019230795 0.0017599970 0.0013044013 0.0012264384 -0.0002050243 0.0000678405 0.0000273371 0.0000242337 -0.0000328104 -0.0000544369 -0.0000207726 0.0000253389 0.0000214551 0.0000142494 0.7842356338 -1.1034503720 0.0067518395 6.8716208667 12.1528074016 8.6285857194 0.4091129651 0.4298695346 -0.4488569132 -0.3796179340
-0.8818614154 0.0042111555 0.0094008967 -0.0019297963 0.0016797449 0.0012189844 0.0011652200 -0.0001784787 0.0000582419 0.0000223221 0.0000221499 -0.0000280760 -0.0000490074 -0.0000183593 0.0000220914 0.0000193012 0.0000134583 0.7190668087 -1.1032057711 0.0022411798 6.5607383471 12.4583917377 8.6534740841 0.3593576395 0.4201036933 -0.4171417529 -0.3502971313
-0.8940879984 0.0036284972 0.0094548465 -0.0018754163 0.0016126665 0.0011400685 0.0011076537 -0.0001556983 0.0000513858 0.0000180043 0.0000199062 -0.0000235952 -0.0000436444 -0.0000162948 0.0000198432 0.0000173481 0.0000124910 0.6737332924 -1.0872402405 -0.0029601888 6.3951924626 12.8251787095 8.6768854985 0.3137727839 0.4055795993 -0.3805023286 -0.3269320707
-0.9063145814 0.0031249967 0.0094863264 -0.0017506245 0.0015495338 0.0010684196 0.0010569282 -0.0001347712 0.0000443205 0.0000141039 0.0000171131 -0.0000194501 -0.0000387682 -0.0000147563 0.0000174435 0.0000156946 0.0000109327 0.6209534893 -1.0671543608 0.0005800086 6.1314177725 13.3025444046 8.4886591276 0.2656466799 0.3755749869 -0.3416005742 -0.3166985638
-0.9185411644 0.0026644417 0.0094937721 -0.0016084422 0.0014907609 0.0010001020 0.0010078288 -0.0001134098 0.0000374179 0.0000108436 0.0000147782 -0.0000158881 -0.0000348467 -0.0000133996 0.0000152004 0.0000141606 0.0000094004 0.5636470610 -1.0599444280 -0.0205846622 5.8176000520 13.7590104651 8.2198395092 0.2224654616 0.3489290523 -0.3064446108 -0.3029106787
-0.9307677474 0.0022396701 0.0095033900 -0.0015162093 0.0014375066 0.0009349501 0.0009604223 -0.0000955149 0.0000310297 0.0000083791 0.0000127923 -0.0000135225 -0.0000308930 -0.0000117336 0.0000133989 0.0000127522 0.0000081131 0.5020661044 -1.0465410373 0.0134041166 5.5831688877 14.3305610698 7.4511324080 0.1842001938 0.3176638885 -0.2861983043 -0.2784735962
-0.9429943304 0.0019159187 0.0094985443 -0.0014344210 0.0013889521 0.0008717454 0.0009190065 -0.0000809441 0.0000265035 0.0000068826 0.0000113064 -0.0000119584 -0.0000269931 -0.0000098717 0.0000119279 0.0000113795 0.0000072288 0.4622621246 -1.0250574851 0.0383564010 5.4263533671 14.7345501461 7.1046963030 0.1606147745 0.2975268310 -0.2749606471 -0.2462247512
-0.9552209134 0.0016663838 0.0094867395 -0.0013155891 0.0013459618 0.0008091140 0.0008861462 -0.0000697051 0.0000236141 0.0000057463 0.0000107291 -0.0000107786 -0.0000235985 -0.0000084847 0.0000107945 0.0000098995 0.0000069824 0.4403276927 -0.9938125330 0.0467318222 5.3082367710 14.7514241552 7.0596903283 0.1417171386 0.2985416466 -0.2661022285 -0.2214861323
-0.9674474965 0.0014400304 0.0094885385 -0.0011991987 0.0013051562 0.0007532871 0.0008634281 -0.0000607831 0.0000204312 0.0000044431 0.0000100344 -0.0000095849 -0.0000202617 -0.0000071256 0.0000095225 0.0000087002 0.0000076031 0.4072253845 -0.9469826075 0.0278339742 5.0406783764 14.7911813941 7.3530840283 0.1153524043 0.2944458465 -0.2545858817 -0.1934817421
-0.9796740795 0.0012410790 0.0094692166 -0.0011605258 0.0012640394 0.0006983745 0.0008372144 -0.0000507323 0.0000175432 0.0000033389 0.0000089176 -0.0000085273 -0.0000174211 -0.0000062874 0.0000084791 0.0000075407 0.0000085356 0.3735394232 -0.9174495035 0.0048292795 4.8125636922 14.9313585983 7.8650656346 0.0889423169 0.2801305896 -0.2446564088 -0.1798821507
-0.9919006625 0.0010510706 0.0094333687 -0.0011518518 0.0012224911 0.0006446019 0.0007973470 -0.0000437211 0.0000147543 0.0000026054 0.0000084162 -0.0000077585 -0.0000154444 -0.0000054333 0.0000074038 0.0000066398 0.0000077139 0.3375422402 -0.9174011103 0.0084646506 4.5106021404 15.3874337940 7.7956490913 0.0707187094 0.2821082925 -0.2377335300 -0.1685411801
-1.0041272455 0.0008989314 0.0093892373 -0.0011314301 0.0011849709 0.0005991762 0.0007519971 -0.0000387462 0.0000123985 0.0000018016 0.0000078291 -0.0000071241 -0.0000146494 -0.0000049871 0.0000065413 0.0000061255 0.0000052427 0.3025988257 -0.9549785327 0.0461714761 4.2704326994 16.2713646770 7.1694130736 0.0384101060 0.2806295234 -0.2318369867 -0.1636141843
-1.0163538285 0.0007566237 0.0093565047 -0.0011275755 0.0011486307 0.0005563866 0.0007082887 -0.0000338878 0.0000108031 0.0000008562 0.0000067016 -0.0000060627 -0.0000129100 -0.0000045244 0.0000058037 0.0000052957 0.0000041570 0.2812452903 -0.9239273568 0.0491741667 4.0455366451 16.2905414192 6.9479470834 -0.0022774377 0.2673720289 -0.2079068030 -0.1597061692
-1.0285804115 0.0006079843 0.0093104832 -0.0010887556 0.0011183465 0.0005186832 0.0006770939 -0.0000289279 0.0000096850 0.0000001223 0.0000056502 -0.0000053601 -0.0000111613 -0.0000040388 0.0000053495 0.0000043928 0.0000032669 0.2665762838 -0.8752244448 0.0318201395 3.9457050586 15.3970725794 6.2006735819 -0.0390359560 0.2467498367 -0.1952399530 -0.1548921692
-1.0408069945 0.0004688998 0.0092777134 -0.0009760135 0.0010924863 0.0004853523 0.0006508181 -0.0000239431 0.0000084043 -0.0000004964 0.0000049503 -0.0000047451 -0.0000097478 -0.0000034761 0.0000049174 0.0000036356 0.0000026927 0.2442322012 -0.8312229431 0.0392870477 3.8458714204 14.2142061260 5.5590441914 -0.0695217205 0.2315037889 -0.1857973543 -0.1416641214
-1.0530335775 0.0003674751 0.0092640202 -0.0008865507 0.0010686239 0.0004561381 0.0006294625 -0.0000199047 0.0000072446 -0.0000008910 0.0000045037 -0.0000042634 -0.0000087564 -0.0000029029 0.0000044940 0.0000032198 0.0000023708 0.2240074457 -0.8071350570 0.0556435245 3.7178392193 13.9200445349 5.2892117254 -0.0897478823 0.2239160257 -0.1787708231 -0.1240533954
-1.0652601605 0.0003090701 0.0092541234 -0.0008579961 0.0010456486 0.0004286408 0.0006125370 -0.0000171703 0.0000064966 -0.0000010376 0.0000040947 -0.0000038569 -0.0000080022 -0.0000023468 0.0000041589 0.0000029364 0.0000021376 0.2113145793 -0.7970195504 0.0655225227 3.6297614354 13.9784461238 5.1649244720 -0.1013242924 0.2158536617 -0.1710870420 -0.1053122607
-1.0774867435 0.0002668763 0.0092199590 -0.0008289777 0.0010240382 0.0004014637 0.0005980568 -0.0000149568 0.0000061172 -0.0000009572 0.0000038161 -0.0000035546 -0.0000070938 -0.0000020393 0.0000039036 0.0000025585 0.0000018982 0.2072254395 -0.7677952829 0.0617765631 3.5733401749 13.5217397630 4.9288964012 -0.0991687134 0.2100663542 -0.1673075180 -0.0951116641
-1.0897133265 0.0002086522 0.0091731024 -0.0007683716 0.0010039010 0.0003756475 0.0005888808 -0.0000132436 0.0000058062 -0.0000009094 0.0000036660 -0.0000031509 -0.0000058563 -0.0000018917 0.0000036258 0.0000020950 0.0000017865 0.2057849377 -0.6988557920 0.0630380599 3.4743634422 12.5598774200 4.7928615580 -0.0937797112 0.2076082422 -0.1585206011 -0.0908813007
-1.1019399095 0.0001510556 0.0091406471 -0.0007209334 0.0009852613 0.0003533129 0.0005835922 -0.0000113559 0.0000055650 -0.0000010263 0.0000035863 -0.0000026970 -0.0000049939 -0.0000017382 0.0000033862 0.0000017968 0.0000018022 0.2062249692 -0.6562125406 0.0523225885 3.3878621894 12.1815382994 4.8777382085 -0.1006994034 0.2070369620 -0.1457167348 -0.0857547212
-1.1141664925 0.0001132614 0.0091470601 -0.0007360849 0.0009674776 0.0003347706 0.0005757880 -0.0000100279 0.0000056478 -0.0000010056 0.0000035109 -0.0000023958 -0.0000047530 -0.0000015156 0.0000032082 0.0000017811 0.0000017127 0.2146016568 -0.6750733620 0.0543024042 3.3466090829 13.4249338262 4.8806604972 -0.1001004815 0.2059188661 -0.1376486264 -0.0774842088
-1.1263930756 0.0000565238 0.0091623624 -0.0007479190 0.0009514867 0.0003178751 0.0005656384 -0.0000089083 0.0000057898 -0.0000009724 0.0000035836 -0.0000021758 -0.0000039878 -0.0000013639 0.0000030916 0.0000014614 0.0000015154 0.2246766382 -0.5985311498 0.0167834465 3.3424349591 12.0383710051 4.5125617451 -0.0992932006 0.2157258214 -0.1315254679 -0.0710789298
-1.1386196586 -0.0000287314 0.0091685943 -0.0006678817 0.0009361058 0.0003028350 0.0005568839 -0.0000073621 0.0000057649 -0.0000009846 0.0000036923 -0.0000019548 -0.0000035640 -0.0000012682 0.0000029500 0.0000013174 0.0000016402 0.2295562333 -0.5667107680 -0.0174396136 3.3049979826 11.8366612105 4.9875700664 -0.1005700658 0.2258643941 -0.1240097844 -0.0679687031
-1.1508462416 -0.0001188783 0.0091736105 -0.0005163457 0.0009205006 0.0002870950 0.0005509574 -0.0000057971 0.0000055941 -0.0000011005 0.0000034620 -0.0000017952 -0.0000029727 -0.0000009898 0.0000027686 0.0000010825 0.0000013315 0.2293524408 -0.5054116168 0.0141081418 3.2110854250 10.7140450559 4.2679034834 -0.1163711053 0.2169148792 -0.1196641818 -0.0547362879
-1.1630728246 -0.0001926248 0.0091673551 -0.0003766346 0.0009062308 0.0002722370 0.0005442762 -0.0000053843 0.0000054774 -0.0000009707 0.0000034455 -0.0000017161 -0.0000023487 -0.0000008791 0.0000026711 0.0000008790 0.0000012433 0.2302746997 -0.4315573144 0.0279052738 3.1987867624 9.8017838483 4.1135482884 -0.1084127182 0.2192621159 -0.1194211463 -0.0501155973
-1.1752994076 -0.0002379911 0.0091410229 -0.0002704825 0.0008935061 0.0002591377 0.0005432937 -0.0000051311 0.0000054045 -0.0000008675 0.0000035840 -0.0000016895 -0.0000018022 -0.0000008194 0.0000025871 0.0000006914 0.0000012776 0.2315451696 -0.3605834206 0.0052343637 3.1945434148 8.7803547720 4.2575129754 -0.1007992300 0.2294940253 -0.1220085782 -0.0472196600
-1.1875259906 -0.0002611662 0.0091114596 -0.0001845310 0.0008825680 0.0002471401 0.0005416354 -0.0000040794 0.0000052966 -0.0000008180 0.0000036526 -0.0000016481 -0.0000013936 -0.0000007030 0.0000025375 0.0000005339 0.0000012987 0.2314284673 -0.3054629185 -0.0072568162 3.2103922805 7.7123955976 4.3638617019 -0.0991154661 0.2358162858 -0.1231484522 -0.0414668431
-1.1997525736 -0.0002660475 0.0090846135 -0.0001334433 0.0008729264 0.0002356542 0.0005396390 -0.0000032674 0.0000054277 -0.0000007966 0.0000037510 -0.0000016155 -0.0000011229 -0.0000005449 0.0000024603 0.0000004302 0.0000012851 0.2383518805 -0.2661737136 -0.0131857345 3.1880785665 6.9566260178 4.3701543927 -0.1016117615 0.2429807198 -0.1243975832 -0.0327189899
-1.2119791566 -0.0002766931 0.0090528637 -0.0000844213 0.0008637574 0.0002248878 0.0005347963 -0.0000031257 0.0000054907 -0.0000007809 0.0000035946 -0.0000015587 -0.0000009248 -0.0000003034 0.0000023987 0.0000003559 0.0000011059 0.2437962702 -0.2375502682 0.0192726299 3.1744933261 6.3854763846 3.8249869193 -0.1045409736 0.2350416123 -0.1241607402 -0.0185428915
-1.2242057396 -0.0003052012 0.0090247766 -0.0000010913 0.0008541704 0.0002158702 0.0005307605 -0.0000037617 0.0000055043 -0.0000007047 0.0000034890 -0.0000014978 -0.0000007807 -0.0000002172 0.0000023454 0.0000003046 0.0000010929 0.2487012397 -0.2196132040 0.0293101439 3.1742959920 6.0312640658 3.8276300580 -0.0981151147 0.2311526314 -0.1235565420 -0.0137580489
-1.2364323226 -0.0003389670 0.0089949592 0.0001319217 0.0008444865 0.0002081518 0.0005292235 -0.0000039713 0.0000055397 -0.0000006164 0.0000034213 -0.0000014401 -0.0000006738 -0.0000002294 0.0000022792 0.0000002659 0.0000010884 0.2538243290 -0.2061760824 0.0421244968 3.1624034381 5.7785180757 3.8352426536 -0.0894524648 0.2276889834 -0.1226229724 -0.0148896468
-1.2486589056 -0.0003544192 0.0089663150 0.0002421448 0.0008346120 0.0002003630 0.0005291109 -0.0000044635 0.0000055829 -0.0000005047 0.0000034097 -0.0000013950 -0.0000005366 -0.0000002687 0.0000022101 0.0000002261 0.0000011149 0.2587602380 -0.1755967759 0.0471392686 3.1468200177 5.3920298984 3.9453275683 -0.0763134414 0.2279504925 -0.1225529811 -0.0173925255
-1.2608854886 -0.0003762317 0.0089353112 0.0003016598 0.0008247083 0.0001925393 0.0005276186 -0.0000052061 0.0000055728 -0.0000004121 0.0000034218 -0.0000013460 -0.0000004067 -0.0000002111 0.0000021424 0.0000001936 0.0000011293 0.2610343954 -0.1398626152 0.0526872433 3.1263948871 5.0268663826 4.0178570417 -0.0650013732 0.2306902328 -0.1220553061 -0.0139765926
-1.2731120716 -0.0004034136 0.0089054299 0.0003760135 0.0008154049 0.0001855595 0.0005259562 -0.0000055411 0.0000056799 -0.0000003290 0.0000034948 -0.0000013126 -0.0000003166 -0.0000001794 0.0000020817 0.0000001680 0.0000010705 0.2679913688 -0.1141599719 0.0431586661 3.1118626918 4.7144302653 3.8379399542 -0.0540117330 0.2372992912 -0.1222048362 -0.0119698336
-1.2853386546 -0.0004204403 0.0088843814 0.0004815260 0.0008060021 0.0001796567 0.0005233703 -0.0000055926 0.0000058440 -0.0000002595 0.0000035258 -0.0000012887 -0.0000002608 -0.0000001702 0.0000020314 0.0000001484 0.0000010507 0.2785253106 -0.0996339712 0.0345714478 3.1121916280 4.4680791711 3.8008169377 -0.0430841867 0.2413639647 -0.1230620871 -0.0116391112
-1.2975652377 -0.0004553406 0.0088539775 0.0006088259 0.0007973694 0.0001741664 0.0005198213 -0.0000060065 0.0000059319 -0.0000002187 0.0000034949 -0.0000012344 -0.0000002214 -0.0000001652 0.0000019888 0.0000001340 0.0000010419 0.2860672838 -0.0891079111 0.0382746935 3.1147242604 4.3018602108 3.8228038223 -0.0365635059 0.2418013794 -0.1213589730 -0.0115533812
-1.3097918207 -0.0005146638 0.0088234659 0.0007491968 0.0007896147 0.0001686397 0.0005193617 -0.0000064970 0.0000059313 -0.0000001954 0.0000034782 -0.0000011653 -0.0000002090 -0.0000001300 0.0000019466 0.0000001230 0.0000010444 0.2893993611 -0.0892872669 0.0374123239 3.1076266491 4.2089601538 3.8353467361 -0.0335889506 0.2416061801 -0.1176350717 -0.0090370229
-1.3220184037 -0.0005462567 0.0088116227 0.0008867529 0.0007825543 0.0001631305 0.0005225121 -0.0000068183 0.0000059132 -0.0000001830 0.0000034849 -0.0000011226 -0.0000001972 -0.0000001526 0.0000019097 0.0000001137 0.0000010772 0.2921096742 -0.0889258246 0.0408033913 3.1049315352 4.1549016373 3.8981884847 -0.0324148465 0.2414448763 -0.1157990552 -0.0104117089
-1.3342449867 -0.0005445051 0.0088018328 0.0010213527 0.0007768708 0.0001585438 0.0005221422 -0.0000069109 0.0000059000 -0.0000001438 0.0000035098 -0.0000010932 -0.0000001891 -0.0000001541 0.0000018763 0.0000001067 0.0000010699 0.2941706967 -0.0890608032 0.0289982453 3.0971870963 4.1299850203 3.8805103983 -0.0255338824 0.2442348849 -0.1148202146 -0.0104434986
-1.3464715697 -0.0005549814 0.0087761854 0.0011524909 0.0007716211 0.0001545519 0.0005207417 -0.0000070636 0.0000059279 -0.0000000961 0.0000034801 -0.0000010972 -0.0000001913 -0.0000001334 0.0000018486 0.0000001007 0.0000010526 0.2976832017 -0.0939748638 0.0171344258 3.0953918054 4.1122758621 3.8511200430 -0.0160699133 0.2435167898 -0.1177195895 -0.0089841301
-1.3586981527 -0.0005925705 0.0087382483 0.0013004720 0.0007650669 0.0001504970 0.0005206108 -0.0000075403 0.0000059981 -0.0000000705 0.0000034615 -0.0000011206 -0.0000001863 -0.0000001337 0.0000018201 0.0000000946 0.0000010650 0.3036160327 -0.0960548994 0.0322275990 3.1026196616 4.0778221725 3.8988709341 -0.0109770435 0.2435404896 -0.1232882413 -0.0091953544
-1.3709247357 -0.0006461875 0.0087021815 0.0014417137 0.0007575241 0.0001465845 0.0005185380 -0.0000079043 0.0000060462 -0.0000000519 0.0000033948 -0.0000010998 -0.0000001737 -0.0000001519 0.0000017875 0.0000000872 0.0000010537 0.3090955965 -0.0941399030 0.0371562759 3.1090778677 3.9847456809 3.8796617702 -0.0075663742 0.2407769994 -0.1238016286 -0.0107309125
-1.3831513187 -0.0006958751 0.0086906900 0.0015342220 0.0007508526 0.0001430938 0.0005156229 -0.0000082116 0.0000060930 -0.0000000337 0.0000033512 -0.0000010504 -0.0000001585 -0.0000001706 0.0000017587 0.0000000806 0.0000010419 0.3146533742 -0.0902224332 0.0251952172 3.1142781982 3.8986798511 3.8628033617 -0.0044144392 0.2397556743 -0.1205151787 -0.0121312458
-1.3953779017 -0.0007404704 0.0086887813 0.0016295839 0.0007459874 0.0001397834 0.0005153406 -0.0000083267 0.0000061074 -0.0000000196 0.0000033731 -0.0000010109 -0.0000001425 -0.0000001536 0.0000017393 0.0000000752 0.0000010392 0.3179804890 -0.0851206555 0.0225679107 3.1208508813 3.8275978678 3.8628910903 -0.0018489894 0.2418274543 -0.1179380613 -0.0109799485
-1.4076044847 -0.0007972143 0.0086615670 0.0018008648 0.0007423611 0.0001364743 0.0005172433 -0.0000085636 0.0000061035 0.0000000059 0.0000033650 -0.0000009986 -0.0000001270 -0.0000001563 0.0000017177 0.0000000710 0.0000010501 0.3198709627 -0.0785165109 0.0388127394 3.1130339354 3.7985562004 3.8779191003 0.0045330400 0.2409465135 -0.1184577503 -0.0110298426
-1.4198310677 -0.0008726400 0.0086166061 0.0020112183 0.0007372350 0.0001331221 0.0005187730 -0.0000088554 0.0000060995 0.0000000243 0.0000033355 -0.0000010016 -0.0000001180 -0.0000001567 0.0000016911 0.0000000676 0.0000010919 0.3223433789 -0.0754715714 0.0678670501 3.1084772598 3.8011482831 4.0029637429 0.0097965645 0.2386254159 -0.1210155297 -0.0113420070
-1.4320576507 -0.0009493830 0.0085880068 0.0021855659 0.0007310458 0.0001300754 0.0005170176 -0.0000091718 0.0000060531 0.0000000357 0.0000033370 -0.0000009969 -0.0000000916 -0.0000001453 0.0000016628 0.0000000653 0.0000011254 0.3231813799 -0.0609433977 0.0655661959 3.1078342791 3.8431154184 4.1588213216 0.0132528262 0.2399837300 -0.1227780097 -0.0105156762
-1.4442842337 -0.0010046590 0.0085814937 0.0023468995 0.0007259761 0.0001272279 0.0005157006 -0.0000094379 0.0000060308 0.0000000506 0.0000033302 -0.0000010059 -0.0000000873 -0.0000000973 0.0000016422 0.0000000611 0.0000011205 0.3248552663 -0.0609905009 0.0495077153 3.1129594285 3.7639330184 4.1598163933 0.0172918978 0.2404641257 -0.1258395025 -0.0069214634
-1.4565108167 -0.0010415368 0.0085679847 0.0024851120 0.0007220520 0.0001242153 0.0005171640 -0.0000091617 0.0000060343 0.0000000485 0.0000033394 -0.0000010007 -0.0000000878 -0.0000000930 0.0000016198 0.0000000579 0.0000010890 0.3268269603 -0.0640837850 0.0394621357 3.1059107108 3.7476925921 4.0217414503 0.0165902568 0.2404298249 -0.1274411558 -0.0066219788
-1.4687373998 -0.0010796693 0.0085374227 0.0025809912 0.0007179746 0.0001216011 0.0005171564 -0.0000090369 0.0000060699 0.0000000577 0.0000032933 -0.0000009775 -0.0000000871 -0.0000001255 0.0000016004 0.0000000550 0.0000010996 0.3310835349 -0.0655019685 0.0417604713 3.1046367714 3.7175938239 4.0573971713 0.0197154202 0.2375005123 -0.1266763138 -0.0088928381
-1.4809639828 -0.0011266159 0.0085008184 0.0026705676 0.0007145341 0.0001190332 0.0005164730 -0.0000094552 0.0000061571 0.0000000635 0.0000032351 -0.0000009410 -0.0000000876 -0.0000001409 0.0000015914 0.0000000526 0.0000010735 0.3381796982 -0.0678297460 0.0494414323 3.1178032155 3.7096157259 3.9747405199 0.0220343507 0.2345123636 -0.1238529529 -0.0100203453
-1.4931905658 -0.0011679229 0.0084678248 0.0027967057 0.0007115993 0.0001165886 0.0005161863 -0.0000098219 0.0000062220 0.0000000812 0.0000032208 -0.0000009047 -0.0000000849 -0.0000001361 0.0000015809 0.0000000507 0.0000010674 0.3435348153 -0.0676096495 0.0593146517 3.1226227156 3.7210822581 3.9500809561 0.0282398795 0.2342262199 -0.1207936347 -0.0098260664
-1.5054171488 -0.0012093072 0.0084414375 0.0029314583 0.0007074205 0.0001143232 0.0005149752 -0.0000102977 0.0000062247 0.0000001000 0.0000032691 -0.0000008793 -0.0000000773 -0.0000000978 0.0000015596 0.0000000484 0.0000010474 0.3462007980 -0.0635132133 0.0543553138 3.1165432333 3.6993576963 3.9004549778 0.0346574409 0.2388914351 -0.1191421614 -0.0071620697
-1.5176437318 -0.0012851962 0.0084225714 0.0030818366 0.0007025074 0.0001123126 0.0005133621 -0.0000106660 0.0000061668 0.0000001099 0.0000032235 -0.0000008557 -0.0000000697 -0.0000000602 0.0000015407 0.0000000471 0.0000010423 0.3466295426 -0.0590684657 0.0575383852 3.1232777977 3.7229806509 3.9147579364 0.0384947825 0.2371401094 -0.1178056808 -0.0044527825
-1.5298703148 -0.0013967187 0.0083979092 0.0032421167 0.0006971028 0.0001106658 0.0005135723 -0.0000108375 0.0000060609 0.0000001064 0.0000031377 -0.0000008337 -0.0000000684 -0.0000000714 0.0000015180 0.0000000451 0.0000010585 0.3447715698 -0.0589750056 0.0604157589 3.1262233410 3.6775011687 3.9742981530 0.0379108655 0.2319910072 -0.1165474245 -0.0053181225
-1.5420968978 -0.0014874448 0.0083660101 0.0034039766 0.0006927986 0.0001098155 0.0005163334 -0.0000108450 0.0000059952 0.0000001037 0.0000032026 -0.0000008326 -0.0000001486 -0.0000000856 0.0000015000 0.0000000682 0.0000010797 0.3441388715 -0.1184441977 0.0619067606 3.1272086207 5.2512879613 4.0107670434 0.0371637907 0.2357663514 -0.1173586713 -0.0062830190
-1.5543234808 -0.0015589568 0.0083425024 0.0035655800 0.0006904617 0.0001085570 0.0005187708 -0.0000106422 0.0000061110 0.0000001234 0.0000033138 -0.0000008488 -0.0000001295 -0.0000001131 0.0000014996 0.0000000602 0.0000011176 0.3521354571 -0.1060496904 0.0462238353 3.1481794063 4.7867457509 4.1160386809 0.0445625048 0.2431781800 -0.1206808375 -0.0082473926
-1.5665500638 -0.0016473694 0.0083230713 0.0037269024 0.0006879606 0.0001061056 0.0005195294 -0.0000102972 0.0000062545 0.0000001269 0.0000032686 -0.0000008394 -0.0000000836 -0.0000001095 0.0000014986 0.0000000434 0.0000010976 0.3619119903 -0.0754118955 0.0550591425 3.1696752403 3.8297448840 4.0208423448 0.0469542880 0.2399371122 -0.1214977676 -0.0081184817
-1.5787766468 -0.0017601823 0.0083084298 0.0038643702 0.0006850069 0.0001038337 0.0005202064 -0.0000096981 0.0000063198 0.0000001233 0.0000033240 -0.0000007942 -0.0000000659 -0.0000000830 0.0000014879 0.0000000400 0.0000010924 0.3674688340 -0.0621306464 0.0543656187 3.1735105425 3.7042222947 3.9795630104 0.0469889838 0.2440855667 -0.1168973406 -0.0060802335
-1.5910032298 -0.0018778229 0.0083049235 0.0039697232 0.0006822447 0.0001022502 0.0005205352 -0.0000098030 0.0000062949 0.0000001277 0.0000032617 -0.0000007584 -0.0000000625 -0.0000000950 0.0000014767 0.0000000413 0.0000011090 0.3676511843 -0.0621662039 0.0621276522 3.1739354025 3.8879421813 4.0336526817 0.0494774002 0.2395303359 -0.1125653099 -0.0070678495
-1.6032298128 -0.0019792438 0.0083070656 0.0040756359 0.0006801205 0.0001006390 0.0005196223 -0.0000102661 0.0000062661 0.0000001388 0.0000031536 -0.0000007399 -0.0000000624 -0.0000001107 0.0000014636 0.0000000381 0.0000011086 0.3675086184 -0.0617638152 0.0786925046 3.1645547578 3.7511479948 4.0580062265 0.0539937110 0.2330956389 -0.1109450183 -0.0084097501
-1.6154563958 -0.0020860574 0.0083091671 0.0041680429 0.0006780684 0.0000993898 0.0005187436 -0.0000105750 0.0000062543 0.0000001436 0.0000031796 -0.0000007351 -0.0000000538 -0.0000001321 0.0000014473 0.0000000368 0.0000010722 0.3683454631 -0.0544848453 0.0820438994 3.1471766849 3.7223125338 3.9478981913 0.0564509070 0.2363471592 -0.1111446241 -0.0097458391
-1.6276829788 -0.0022053152 0.0083037661 0.0042799370 0.0006760794 0.0000983756 0.0005203323 -0.0000109244 0.0000062428 0.0000001339 0.0000031714 -0.0000007377 -0.0000000524 -0.0000000956 0.0000014402 0.0000000379 0.0000010959 0.3694954181 -0.0545547419 0.0794951650 3.1524206851 3.8927648259 3.9984458693 0.0534607507 0.2348931676 -0.1124658976 -0.0068074435
-1.6399095619 -0.0023256771 0.0082845327 0.0044378498 0.0006740650 0.0000971856 0.0005226274 -0.0000115931 0.0000062938 0.0000001535 0.0000032711 -0.0000007628 -0.0000000593 -0.0000001240 0.0000014349 0.0000000354 0.0000011494 0.3743108621 -0.0620292636 0.0589494830 3.1631487990 3.7295872050 4.1228796741 0.0616317024 0.2419299556 -0.1172531468 -0.0090729248
-1.6521361449 -0.0024241857 0.0082457731 0.0045959632 0.0006722697 0.0000961053 0.0005231357 -0.0000114125 0.0000062929 0.0000001654 0.0000032490 -0.0000007498 -0.0000000557 -0.0000000993 0.0000014274 0.0000000351 0.0000011382 0.3757338621 -0.0590416133 0.0564447198 3.1615523069 3.7816342952 4.0899230115 0.0672482865 0.2409051170 -0.1162542159 -0.0073769295
-1.6643627279 -0.0025275689 0.0082093646 0.0047192109 0.0006701539 0.0000948788 0.0005241144 -0.0000110680 0.0000062558 0.0000001624 0.0000031536 -0.0000007174 -0.0000000539 -0.0000000666 0.0000014156 0.0000000340 0.0000011142 0.3754597662 -0.0587061429 0.0669426367 3.1524002796 3.7678617820 3.9932848553 0.0671431669 0.2337432318 -0.1124670975 -0.0050364360
-1.6765893109 -0.0026677221 0.0082057273 0.0048388130 0.0006673988 0.0000933800 0.0005258614 -0.0000108003 0.0000061861 0.0000001496 0.0000031039 -0.0000007032 -0.0000000557 -0.0000000825 0.0000014068 0.0000000329 0.0000011208 0.3736414236 -0.0620973103 0.0825763531 3.1567558039 3.7551120779 4.0049318482 0.0629033562 0.2306795758 -0.1117802600 -0.0062492562
-1.6888158939 -0.0028563502 0.0082311742 0.0049738646 0.0006650529 0.0000922108 0.0005272006 -0.0000107316 0.0000061744 0.0000001296 0.0000031104 -0.0000006911 -0.0000000480 -0.0000000315 0.0000014011 0.0000000338 0.0000011316 0.3746583771 -0.0547986855 0.0844035906 3.1665370344 3.9437616281 4.0319061123 0.0550212274 0.2313582786 -0.1109385203 -0.0021434205
-1.7010424769 -0.0030571036 0.0082476639 0.0051086234 0.0006635214 0.0000917064 0.0005260066 -0.0000103025 0.0000062354 0.0000001422 0.0000032166 -0.0000006894 -0.0000000497 -0.0000000207 0.0000013931 0.0000000327 0.0000011212 0.3792813032 -0.0563685821 0.0715491963 3.1631284487 3.8691595240 4.0127142970 0.0604608938 0.2390481405 -0.1107866507 -0.0014975907
-1.7132690599 -0.0032231029 0.0082508637 0.0052230895 0.0006628164 0.0000912192 0.0005256328 -0.0000098351 0.0000062966 0.0000001711 0.0000032814 -0.0000006953 -0.0000000537 -0.0000000792 0.0000013937 0.0000000333 0.0000011545 0.3839035694 -0.0613842426 0.0638651391 3.1737956615 3.9833763900 4.1388362639 0.0729914757 0.2441871513 -0.1116053989 -0.0060141308
-1.7254956429 -0.0033663486 0.0082435528 0.0052902089 0.0006606482 0.0000900746 0.0005268591 -0.0000097539 0.0000063258 0.0000001737 0.0000032526 -0.0000006997 -0.0000000496 -0.0000000940 0.0000013867 0.0000000321 0.0000011317 0.3877423459 -0.0577353528 0.0753188785 3.1798181169 3.9310958790 4.0512119708 0.0752178253 0.2425740542 -0.1134209196 -0.0069148225
-1.7377222259 -0.0035077064 0.0082287121 0.0053402941 0.0006576521 0.0000888632 0.0005283765 -0.0000096089 0.0000063289 0.0000001624 0.0000032324 -0.0000006911 -0.0000000407 -0.0000000808 0.0000013750 0.0000000302 0.0000011240 0.3905545117 -0.0485251361 0.0881167142 3.1828999360 3.8147209010 3.9834647216 0.0716355367 0.2414408238 -0.1134116001 -0.0058409147
-1.7499488089 -0.0036670184 0.0082218794 0.0054312308 0.0006555850 0.0000878765 0.0005282898 -0.0000095298 0.0000063176 0.0000001543 0.0000032164 -0.0000006676 -0.0000000328 -0.0000000423 0.0000013686 0.0000000294 0.0000011198 0.3915054170 -0.0398850414 0.0837011823 3.1892968081 3.7898252336 3.9596020906 0.0689326707 0.2408303670 -0.1105224715 -0.0029932475
-1.7621753919 -0.0038588480 0.0082176644 0.0055218490 0.0006550057 0.0000868676 0.0005308383 -0.0000095188 0.0000063572 0.0000001525 0.0000032516 -0.0000006519 -0.0000000463 -0.0000000562 0.0000013710 0.0000000314 0.0000011423 0.3938963921 -0.0541283079 0.0877014493 3.1984008588 4.0316359202 4.0071246342 0.0685742160 0.2418016165 -0.1088974047 -0.0041151866
-1.7744019749 -0.0040781967 0.0082074565 0.0056026700 0.0006547981 0.0000860893 0.0005338966 -0.0000095601 0.0000064651 0.0000001425 0.0000032977 -0.0000006491 -0.0000000314 -0.0000000802 0.0000013771 0.0000000286 0.0000011859 0.4008530221 -0.0385818821 0.0897819104 3.2139479575 3.8322506129 4.1052389587 0.0651794109 0.2438026669 -0.1091720838 -0.0057618762
-1.7866285579 -0.0042773100 0.0082028579 0.0057041783 0.0006534961 0.0000856369 0.0005350360 -0.0000096173 0.0000064705 0.0000001438 0.0000031734 -0.0000006503 -0.0000000249 -0.0000000656 0.0000013736 0.0000000283 0.0000012557 0.4033886450 -0.0311477731 0.1049593072 3.2195645658 3.8390820657 4.2835364620 0.0660484321 0.2361791281 -0.1100774113 -0.0047874418
-1.7988551409 -0.0044660478 0.0082141242 0.0057948277 0.0006518829 0.0000853061 0.0005363571 -0.0000090909 0.0000064563 0.0000001588 0.0000032863 -0.0000006558 -0.0000000309 -0.0000001059 0.0000013661 0.0000000327 0.0000012299 0.4044953129 -0.0390004827 0.0935435864 3.2208271129 4.3819039045 4.2247332209 0.0725804714 0.2443608767 -0.1112171358 -0.0076789790
-1.8110817240 -0.0046844181 0.0082376995 0.0058985128 0.0006515446 0.0000852118 0.0005372030 -0.0000081000 0.0000064101 0.0000001693 0.0000032456 -0.0000006382 -0.0000000236 -0.0000000639 0.0000013644 0.0000000325 0.0000012646 0.4017925630 -0.0301593681 0.0990828430 3.2176441803 4.3669650688 4.3212370804 0.0774775039 0.2413912628 -0.1082147885 -0.0045278471
-1.8233083070 -0.0049264737 0.0082559494 0.0060103376 0.0006518425 0.0000850451 0.0005383202 -0.0000074327 0.0000063451 0.0000001700 0.0000032864 -0.0000006075 -0.0000000308 -0.0000000247 0.0000013676 0.0000000294 0.0000012208 0.3968823761 -0.0393415173 0.0953221492 3.2195316301 4.0420833323 4.1753105129 0.0785247441 0.2440013201 -0.1032305442 -0.0018574103
-1.8355348900 -0.0051710574 0.0082576604 0.0060946233 0.0006526190 0.0000848164 0.0005429940 -0.0000076599 0.0000063619 0.0000001835 0.0000034879 -0.0000006209 -0.0000000320 -0.0000000583 0.0000013809 0.0000000316 0.0000012655 0.3966426881 -0.0409637672 0.0767933104 3.2403807899 4.3628591038 4.2405816620 0.0852770907 0.2570565654 -0.1053289798 -0.0041329215
