# Kim, K. U., Elliott, G. S., and Dutton, J. C., “A Three-Dimensional Experimental Study of Compressibility Effects on Turbulent Free Shear Layers,” AIAA Aviation Conference, Atlanta, GA, 2018.
# This work was funded by the NASA Aeronautics Mission Directorate's Transformative Aeronautics Concepts Program, Transformational Tools and Technologies Project; Grant Number NNX15AU94A.
VARIABLES = "(y-y0)/b", "(U-U2)/dU", "V/dU", "W/dU", "<u'^2>/dU^2", "<v'^2>/dU^2", "<w'^2>/dU^2", "<u'v'>/dU^2", "<u'^3>/dU^3", "<u'v'^2>/dU^3", "<u'w'^2>/dU^3", "<v'u'^2>/dU^3", "<v'^3>/dU^3", "<v'w'^2>/dU^3", "<u'^4>/dU^4", "<v'^4>/dU^4", "<w'^4>/dU^4", "u_skewness", "v_skewness", "w_skewness", "u_kurtosis", "v_kurtosis", "w_kurtosis", "<u'v'^2>/(<u'^2>^(1/2)<v'^2>)", "<u'w'^2>/(<u'^2>^(1/2)<w'^2>)", "<v'u'^2>/(<v'^2>^(1/2)<u'^2>)", "<v'w'^2>/(<v'^2>^(1/2)<w'^2>)"
ZONE T="Frame 0", I=199, J=1, F=POINT
1.5967977660 1.0018758896 -0.0169422618 -0.0012508616 0.0001844867 0.0003275547 0.0001927582 -0.0000709672 -0.0000005832 -0.0000010183 -0.0000024139 0.0000008783 -0.0000025146 -0.0000001289 0.0000003389 0.0000004553 0.0000024373 -0.2334866892 -0.3578759917 1.0271227289 9.5869505063 4.1675064383 41.0500883308 -0.2266735003 -0.7247472895 0.2662637033 -0.0602689189
1.5782061324 1.0026537474 -0.0208097750 -0.0004910752 0.0002210154 0.0003201187 0.0002294744 -0.0000620065 0.0000000722 -0.0000009925 -0.0000025630 0.0000010065 -0.0000019540 0.0000002598 0.0000005214 0.0000004733 0.0000031386 -0.0606539506 -0.3011994141 0.9362913777 11.9608387664 4.5390655571 44.1751966694 -0.2056360877 -0.6595244562 0.2612641521 0.0551932143
1.5596144988 1.0034806313 -0.0248819042 -0.0003188723 0.0002794048 0.0003292481 0.0002948822 -0.0000405950 0.0000014625 -0.0000007462 -0.0000006717 0.0000012087 -0.0000016028 0.0000003989 0.0000004709 0.0000004669 0.0000022682 0.1787833919 -0.2517084471 0.3828802450 7.5486669008 4.3112649372 24.7814441818 -0.1453445910 -0.2135664238 0.2504418477 0.0783884691
1.5410228652 1.0033269937 -0.0249373668 -0.0004442287 0.0002839980 0.0003428695 0.0003195961 -0.0000382569 0.0000018402 -0.0000007211 0.0000003985 0.0000011231 -0.0000015617 0.0000002084 0.0000003622 0.0000005229 0.0000016448 0.3095356605 -0.2336356071 0.0268589784 4.5889486655 4.4366751143 15.6005282152 -0.1333156879 0.0437477177 0.2209996720 0.0191348566
1.5224312316 1.0030865118 -0.0248639984 -0.0004565205 0.0002911381 0.0003536876 0.0003399402 -0.0000394891 0.0000018111 -0.0000007671 0.0000000906 0.0000010935 -0.0000015838 0.0000000479 0.0000004004 0.0000005679 0.0000021305 0.2968358650 -0.2210821861 0.1397556643 4.8537319078 4.4900470327 18.1045157907 -0.1324983790 -0.0053750313 0.2020394340 -0.0139696446
1.5038395980 1.0027515932 -0.0248429683 -0.0003683682 0.0002942825 0.0003632557 0.0003355933 -0.0000401101 0.0000013902 -0.0000009406 -0.0000003925 0.0000009131 -0.0000016824 0.0000002189 0.0000005012 0.0000006646 0.0000025017 0.2085792583 -0.2237764932 0.2456243000 6.0442000879 4.9491259425 21.4647494173 -0.1541177424 -0.0711183738 0.1640258010 0.0279449011
1.4852479644 1.0023781143 -0.0248461149 -0.0002372274 0.0002886302 0.0003640033 0.0003057146 -0.0000429871 0.0000014480 -0.0000010158 -0.0000007934 0.0000012912 -0.0000012523 0.0000006568 0.0000004706 0.0000006621 0.0000021802 0.2348155463 -0.1586846366 0.2880880995 5.6942220662 4.9722092554 21.6983845541 -0.1657969756 -0.1405547172 0.2310508407 0.1012279439
1.4666563308 1.0020583815 -0.0248445280 -0.0001431253 0.0002820301 0.0003614462 0.0002710260 -0.0000436426 0.0000012878 -0.0000011155 -0.0000014448 0.0000013235 -0.0000013009 0.0000006570 0.0000004932 0.0000007139 0.0000020741 0.2128311356 -0.1685893250 0.5510836577 5.9710956120 5.5332649128 25.5998485421 -0.1847220926 -0.2849934487 0.2376134105 0.1027712915
1.4480646972 1.0018343547 -0.0248540825 -0.0000859664 0.0002729536 0.0003556761 0.0002319649 -0.0000431163 0.0000015051 -0.0000009681 -0.0000012438 0.0000011114 -0.0000014337 0.0000002903 0.0000004348 0.0000006768 0.0000019007 0.2493979657 -0.2024787013 0.5910216970 5.7244560582 5.3968387883 29.0679174030 -0.1656798091 -0.2858613069 0.2123478690 0.0399026003
1.4294730636 1.0016561513 -0.0248383799 -0.0000908223 0.0002649761 0.0003539143 0.0002028623 -0.0000424941 0.0000016898 -0.0000008872 -0.0000011312 0.0000008801 -0.0000014370 -0.0000001921 0.0000003685 0.0000005990 0.0000017334 0.2613768552 -0.2059960655 0.0039344305 5.6012354547 4.8185358161 29.2137684628 -0.1566398573 -0.3052987878 0.1819291879 -0.0501197974
1.4108814300 1.0015048797 -0.0248130169 -0.0001396299 0.0002592101 0.0003566261 0.0001790587 -0.0000418877 0.0000020649 -0.0000008547 0.0000001394 0.0000008687 -0.0000012462 0.0000000407 0.0000002773 0.0000005329 0.0000002899 0.3663569389 -0.1819245110 -0.2481536850 4.2756272160 4.2138057985 8.3274992134 -0.1532191894 0.0011488359 0.1901844679 0.0139547590
1.3922897965 1.0013341995 -0.0247975644 -0.0001909370 0.0002564351 0.0003636991 0.0001679254 -0.0000406709 0.0000021750 -0.0000008382 0.0000003247 0.0000008680 -0.0000012427 0.0000000726 0.0000002665 0.0000005203 0.0000001721 0.3997976088 -0.1743506804 -0.2897410583 4.1294807879 3.9448834177 6.0779359585 -0.1479733639 0.0646104975 0.1925793112 0.0332413947
1.3736981629 1.0011541857 -0.0247635052 -0.0002551337 0.0002550303 0.0003721436 0.0001643349 -0.0000387749 0.0000021763 -0.0000008721 0.0000002794 0.0000008824 -0.0000012304 0.0000001165 0.0000002708 0.0000005290 0.0000001682 0.3978153183 -0.1697806483 -0.3625676706 4.2912161775 3.8330022605 6.5109328972 -0.1501118773 0.0399546275 0.1953433111 0.0571615776
1.3551065293 1.0010027121 -0.0247246775 -0.0003372856 0.0002543175 0.0003833247 0.0001656712 -0.0000369701 0.0000021414 -0.0000009020 0.0000000138 0.0000008885 -0.0000012420 0.0000002075 0.0000002824 0.0000005676 0.0000003288 0.3814329224 -0.1672529156 -0.4857717737 4.6717997432 3.8975767709 11.3387839600 -0.1500560357 -0.0749778208 0.1974191107 0.0969627315
1.3365148957 1.0009081921 -0.0246792141 -0.0004480015 0.0002535137 0.0003963228 0.0001670262 -0.0000355135 0.0000021100 -0.0000009407 -0.0000001694 0.0000009013 -0.0000012337 0.0000003542 0.0000002956 0.0000006032 0.0000005887 0.3768243325 -0.1607824844 -0.4829452724 4.9770358704 3.8833642589 16.8279415995 -0.1513896298 -0.1222826401 0.1976670135 0.1332244639
1.3179232621 1.0008390596 -0.0246604851 -0.0005720997 0.0002525084 0.0004110821 0.0001649058 -0.0000348989 0.0000021595 -0.0000010084 0.0000000730 0.0000008909 -0.0000012288 0.0000002942 0.0000002714 0.0000006565 0.0000002847 0.3970189024 -0.1547839849 -0.1470133088 4.3271915926 3.9313881386 9.7160399207 -0.1567241189 -0.0399963431 0.1910968480 0.1061315613
1.2993316285 1.0007734612 -0.0246937740 -0.0006691092 0.0002513721 0.0004253956 0.0001638065 -0.0000342706 0.0000021091 -0.0000010580 0.0000000735 0.0000009085 -0.0000013514 0.0000001879 0.0000002666 0.0000006760 0.0000002111 0.3875516213 -0.1653092326 -0.1423464387 4.2966974938 3.7673521283 7.3579178614 -0.1585347561 -0.0384722321 0.1923454141 0.0762315895
1.2807399949 1.0007077743 -0.0247653635 -0.0007164152 0.0002505938 0.0004401685 0.0001651879 -0.0000334557 0.0000020704 -0.0000010784 0.0000001220 0.0000009196 -0.0000013241 0.0000001696 0.0000002598 0.0000007154 0.0000001570 0.3863422408 -0.1564472823 -0.3199771743 4.1737236123 3.7287681303 5.6306833617 -0.1556980170 -0.0205595182 0.1920125629 0.0676230012
1.2621483613 1.0006341748 -0.0248491836 -0.0007220470 0.0002509462 0.0004565873 0.0001699872 -0.0000328384 0.0000019244 -0.0000011288 -0.0000002065 0.0000009784 -0.0000011575 0.0000003047 0.0000002833 0.0000007719 0.0000004567 0.3581084573 -0.1324737828 -0.1517957258 4.3550162672 3.7420873679 11.3267988775 -0.1564606045 -0.0905729848 0.1982533410 0.1058725437
1.2435567277 1.0005352104 -0.0249478347 -0.0007257377 0.0002520403 0.0004745741 0.0001757894 -0.0000320367 0.0000018281 -0.0000011451 -0.0000003439 0.0000010089 -0.0000009896 0.0000003932 0.0000003008 0.0000008425 0.0000006767 0.3383874732 -0.1097846153 -0.0720803022 4.5163711427 3.7801103034 15.0129625153 -0.1519491011 -0.1048222589 0.1985014897 0.1291373074
1.2249650941 1.0004111233 -0.0250348622 -0.0007161783 0.0002524737 0.0004939673 0.0001831814 -0.0000301383 0.0000017375 -0.0000011548 -0.0000005845 0.0000010133 -0.0000008822 0.0000004644 0.0000003140 0.0000009132 0.0000011675 0.3239455161 -0.0931727446 0.1182347832 4.5807952990 3.7812798292 21.8979501938 -0.1465748273 -0.1318951868 0.1951341792 0.1576074275
1.2063734605 1.0002909624 -0.0251259501 -0.0006948689 0.0002533496 0.0005176130 0.0001895081 -0.0000276379 0.0000017087 -0.0000011468 -0.0000004158 0.0000010738 -0.0000007262 0.0000006256 0.0000003078 0.0000010142 0.0000008309 0.3090173434 -0.0736315523 0.0981096072 4.5948084266 3.8177054208 16.0606486299 -0.1383705331 -0.1113187468 0.1996466483 0.1944133618
1.1877818269 1.0002002686 -0.0252474675 -0.0006614655 0.0002553937 0.0005451111 0.0001992677 -0.0000240946 0.0000015936 -0.0000011872 -0.0000004123 0.0000010519 -0.0000005049 0.0000004867 0.0000003261 0.0000011419 0.0000008952 0.2498460489 -0.0517903841 -0.6367307888 5.3703296529 3.8675187317 18.4081221216 -0.1355065374 -0.1649431805 0.1896901228 0.1591017830
1.1691901934 1.0001302143 -0.0254143709 -0.0006453660 0.0002602685 0.0005734607 0.0002110707 -0.0000215935 0.0000003750 -0.0000015145 -0.0000014931 0.0000014924 -0.0000000830 0.0000009793 0.0000009942 0.0000012998 0.0000018609 -0.0252890735 -0.0199131019 -1.0582993375 14.0138060678 3.9712360295 31.4415557121 -0.1621066352 -0.4641204087 0.2518270129 0.2769631266
1.1505985598 1.0000809243 -0.0256535191 -0.0006772002 0.0002617623 0.0006002800 0.0002210206 -0.0000171939 0.0000012034 -0.0000016092 -0.0000018475 0.0000012841 0.0000002618 0.0000009515 0.0000004042 0.0000014648 0.0000023816 0.1344196718 0.0016160647 -0.5111945701 6.8475299032 4.0715847739 37.3645812365 -0.1656243682 -0.5269814031 0.2188243767 0.2659764107
1.1320069262 1.0000254899 -0.0259461628 -0.0006987673 0.0002641734 0.0006241767 0.0002236960 -0.0000137793 0.0000009174 -0.0000017879 -0.0000025610 0.0000012991 0.0000004510 0.0000006019 0.0000004424 0.0000016304 0.0000025429 0.0588774781 0.0096899332 0.3902757546 7.4898057147 4.1827561077 38.1846383552 -0.1775757254 -0.6859562158 0.2177146407 0.1825841976
1.1134152926 0.9999987452 -0.0262664227 -0.0006698734 0.0002651215 0.0006414194 0.0002197339 -0.0000109760 0.0000008190 -0.0000020283 -0.0000020968 0.0000013434 0.0000004959 0.0000003008 0.0000004264 0.0000016634 0.0000018264 0.0492249940 0.0116772504 0.4364971630 6.9550803304 4.0331462183 29.8549539268 -0.1960014993 -0.5828317434 0.2205984970 0.1171185953
1.0948236590 0.9999655911 -0.0265647598 -0.0006101406 0.0002669767 0.0006570789 0.0002142506 -0.0000102610 0.0000002155 -0.0000021627 -0.0000019815 0.0000018575 0.0000008700 0.0000010877 0.0000005568 0.0000017261 0.0000016773 -0.0892929574 0.0325807275 0.4911141588 8.9466655060 3.9848283082 27.0242492407 -0.2024762234 -0.5428718851 0.2953664966 0.3346949731
1.0762320254 0.9999314388 -0.0268403814 -0.0005981052 0.0002696024 0.0006743019 0.0002076041 -0.0000105261 -0.0000006175 -0.0000026670 -0.0000021510 0.0000024133 0.0000013376 0.0000012103 0.0000007392 0.0000019219 0.0000015870 -0.2900751585 0.0547511226 0.5768681347 11.8778724709 4.2579082652 27.9881886020 -0.2407881964 -0.6161323702 0.3722910931 0.4008963701
1.0576403918 0.9998982114 -0.0271200232 -0.0006424669 0.0002740775 0.0006926159 0.0002074331 -0.0000114311 -0.0000014115 -0.0000030670 -0.0000019673 0.0000030835 0.0000022773 0.0000013045 0.0000009270 0.0000019302 0.0000016796 -0.4653576562 0.1088261511 0.3219340252 14.2115273165 3.9799269713 29.0185966568 -0.2668850522 -0.5760762481 0.4574851461 0.4410009268
1.0390487582 0.9998603041 -0.0273634232 -0.0006714871 0.0002786311 0.0007165124 0.0002104783 -0.0000122125 -0.0000018684 -0.0000032599 -0.0000020990 0.0000034974 0.0000029337 0.0000018538 0.0000010181 0.0000020624 0.0000017039 -0.5630635517 0.1395121118 0.4165802476 15.0788519180 3.9740619369 29.1753629606 -0.2718760039 -0.6021986622 0.5010151083 0.5563680644
1.0204571246 0.9998240079 -0.0275986090 -0.0006952924 0.0002850700 0.0007448070 0.0002146284 -0.0000131888 -0.0000022591 -0.0000034286 -0.0000016606 0.0000037468 0.0000039486 0.0000023669 0.0000011006 0.0000022862 0.0000012186 -0.6184736342 0.1827084705 0.2377697363 15.4710954676 4.0710540931 23.1361091974 -0.2730274089 -0.4809194136 0.5179566697 0.6698531389
1.0018654910 0.9997938421 -0.0278501687 -0.0007305038 0.0002929885 0.0007748947 0.0002219956 -0.0000131537 -0.0000029807 -0.0000037249 -0.0000018740 0.0000041215 0.0000049221 0.0000026421 0.0000012411 0.0000025141 0.0000012138 -0.7098593651 0.2191970774 0.2271641528 15.8333847136 4.1498214108 21.9961703714 -0.2823449693 -0.5078769911 0.5424411636 0.7060156992
0.9832738574 0.9997686499 -0.0281138188 -0.0007760202 0.0003052764 0.0008092464 0.0002344312 -0.0000143539 -0.0000040240 -0.0000041135 -0.0000028322 0.0000046386 0.0000061063 0.0000029300 0.0000014758 0.0000028679 0.0000023398 -0.8180657180 0.2590599233 0.5574345866 16.2856115180 4.3516235380 32.5408733929 -0.2922611220 -0.6353692263 0.5635703414 0.7121206813
0.9646822239 0.9997127251 -0.0283627881 -0.0008106509 0.0003214587 0.0008469882 0.0002467396 -0.0000192735 -0.0000049770 -0.0000049666 -0.0000032094 0.0000054821 0.0000077620 0.0000031960 0.0000016869 0.0000033303 0.0000027976 -0.8949351133 0.3130948981 0.4051914811 16.3014662026 4.6312941182 33.1918223534 -0.3258689808 -0.6390331088 0.6039490675 0.7157725583
0.9460905903 0.9996072946 -0.0286064881 -0.0008105370 0.0003412977 0.0008856713 0.0002605161 -0.0000272191 -0.0000065042 -0.0000059309 -0.0000035451 0.0000066338 0.0000101640 0.0000037710 0.0000020302 0.0000037450 0.0000026494 -1.0426311594 0.3855439179 0.3075939664 16.9725060043 4.7700177818 30.1892886093 -0.3619328975 -0.6721759546 0.6648512930 0.7897195331
0.9274989567 0.9994600967 -0.0288514537 -0.0008091244 0.0003684873 0.0009308160 0.0002812425 -0.0000368824 -0.0000096713 -0.0000070235 -0.0000045893 0.0000081117 0.0000131181 0.0000048529 0.0000027698 0.0000045309 0.0000027714 -1.3625541233 0.4604522117 0.2556854581 19.6777743292 5.1921813195 29.1520965582 -0.3950012107 -0.7945078223 0.7358513266 0.9011937587
0.9089073231 0.9992386991 -0.0291082565 -0.0008640956 0.0004044733 0.0009813125 0.0003023366 -0.0000514924 -0.0000135882 -0.0000091664 -0.0000044262 0.0000103362 0.0000162134 0.0000054865 0.0000036502 0.0000052946 0.0000020035 -1.6741890251 0.5256560855 -0.1260789804 21.8452757436 5.4458501427 20.2933039871 -0.4663513691 -0.7195052100 0.8296407500 0.9176534594
0.8903156895 0.9988896742 -0.0293647735 -0.0009242360 0.0004565741 0.0010362964 0.0003367109 -0.0000704548 -0.0000200975 -0.0000122851 -0.0000065737 0.0000140251 0.0000193760 0.0000066439 0.0000051846 0.0000062148 0.0000034528 -2.0598372470 0.5793873241 -0.0136517438 24.5394172324 5.7127670945 25.9951580724 -0.5541567977 -0.8851373569 0.9641470756 0.9480818897
0.8717240559 0.9984099731 -0.0296144994 -0.0009737037 0.0005229398 0.0010953895 0.0003703283 -0.0000931236 -0.0000300799 -0.0000154507 -0.0000084063 0.0000185272 0.0000226865 0.0000088127 0.0000078728 0.0000071730 0.0000027200 -2.4808750981 0.6262467627 -0.2088101012 28.0196273061 5.9119637942 19.3746231414 -0.6156085893 -0.9916377193 1.0736712344 1.0487929248
0.8531324223 0.9978078277 -0.0298991901 -0.0010230837 0.0006044818 0.0011632982 0.0004252532 -0.0001199206 -0.0000425549 -0.0000195781 -0.0000121537 0.0000235744 0.0000267516 0.0000103621 0.0000111611 0.0000084740 0.0000049796 -2.8186455341 0.6775905315 -0.1562167027 29.6239951290 6.2228480398 26.2371292279 -0.6839179471 -1.1610124596 1.1430228255 1.0051978047
0.8345407887 0.9970619678 -0.0302009637 -0.0010627288 0.0007089535 0.0012379098 0.0004887511 -0.0001536930 -0.0000576520 -0.0000249449 -0.0000159270 0.0000298140 0.0000318764 0.0000122735 0.0000148866 0.0000100090 0.0000063356 -3.0150503330 0.7376012652 0.0315510147 28.9328052663 6.5051547729 26.2974764810 -0.7564382235 -1.2260115426 1.1925775582 0.9511911695
0.8159491551 0.9961144325 -0.0304780446 -0.0011588712 0.0008518465 0.0013210746 0.0005628712 -0.0001974113 -0.0000821428 -0.0000321670 -0.0000206923 0.0000390144 0.0000385256 0.0000158757 0.0000220586 0.0000118655 0.0000071238 -3.2600622837 0.8077357269 -0.0490919556 29.5513128394 6.7894801488 22.1577633871 -0.8342138144 -1.2558346017 1.2566945257 0.9727150556
0.7973575215 0.9948705638 -0.0307540424 -0.0012907251 0.0010400300 0.0014120204 0.0006469085 -0.0002555323 -0.0001176943 -0.0000407878 -0.0000274007 0.0000520215 0.0000444383 0.0000188483 0.0000331373 0.0000135173 0.0000084949 -3.4633389327 0.8427995681 -0.0482006106 29.6885997039 6.7874308868 19.9358091867 -0.8949982420 -1.3052464608 1.3271331557 0.9082931648
0.7787658879 0.9933253877 -0.0310326414 -0.0014517124 0.0012694920 0.0015111976 0.0007378511 -0.0003276520 -0.0001617194 -0.0000510804 -0.0000352906 0.0000683713 0.0000526019 0.0000218438 0.0000471157 0.0000157583 0.0000099541 -3.5374461629 0.9014557443 -0.0421708690 28.4299180080 6.9037425137 17.9654545444 -0.9465721537 -1.3326164627 1.3795229595 0.8323992855
0.7601742543 0.9914547570 -0.0313558103 -0.0015320893 0.0015483731 0.0016209161 0.0008580093 -0.0004075119 -0.0002130097 -0.0000618123 -0.0000476457 0.0000846621 0.0000605163 0.0000257454 0.0000622028 0.0000179989 0.0000134978 -3.4762583147 0.9336634926 0.0901410345 25.5793927072 6.8567437752 17.6064270490 -0.9672841969 -1.4005798697 1.3559322873 0.7642071648
0.7415826208 0.9891987395 -0.0317165550 -0.0015166080 0.0018885236 0.0017491679 0.0010030199 -0.0005025380 -0.0002779291 -0.0000755540 -0.0000610393 0.0001056454 0.0000701397 0.0000306672 0.0000822237 0.0000209947 0.0000171528 -3.3737093392 0.9643448716 0.1178396627 22.8520512005 6.8831558911 16.4778057796 -0.9934940559 -1.3930410752 1.3368894337 0.7025969268
0.7229909872 0.9864283753 -0.0320720735 -0.0013795633 0.0022846877 0.0018875763 0.0011748115 -0.0006192420 -0.0003560639 -0.0000919172 -0.0000751143 0.0001323260 0.0000819528 0.0000367596 0.0001068818 0.0000246194 0.0000211027 -3.2532214008 1.0040048907 0.2144988741 20.3739757963 6.9253211432 14.8653360357 -1.0199591289 -1.3315316806 1.3344021568 0.6554382005
0.7043993536 0.9830733116 -0.0323920975 -0.0011985003 0.0027381792 0.0020258922 0.0013601924 -0.0007555909 -0.0004459754 -0.0001088469 -0.0000915699 0.0001630987 0.0000922431 0.0000441323 0.0001369581 0.0000275179 0.0000243357 -3.1094953385 1.0163732920 0.2235644335 18.2420430476 6.7269358755 13.0075500687 -1.0278838560 -1.2825461517 1.3248791115 0.6223907295
0.6858077200 0.9791072512 -0.0326607790 -0.0010467114 0.0032928094 0.0021748784 0.0015697110 -0.0009082479 -0.0005552973 -0.0001264696 -0.0001122670 0.0001972509 0.0001017545 0.0000515421 0.0001755343 0.0000303011 0.0000295982 -2.9385066128 1.0078938277 0.2341742583 16.1935202844 6.4264338116 11.9183354518 -1.0138125014 -1.2434071453 1.2851281395 0.5729148577
0.6672160864 0.9744804275 -0.0329235134 -0.0009171146 0.0039625174 0.0023417028 0.0018073541 -0.0010812667 -0.0006925806 -0.0001476413 -0.0001377790 0.0002373398 0.0001120392 0.0000584641 0.0002263350 0.0000340610 0.0000364434 -2.7760522416 0.9927455917 0.2137763640 14.4133035199 6.2253048504 11.1003914380 -1.0014597540 -1.2086109086 1.2373165963 0.5136175251
0.6486244528 0.9691677548 -0.0332038791 -0.0008290165 0.0047191300 0.0025334640 0.0020763936 -0.0012737768 -0.0008495128 -0.0001730588 -0.0001659626 0.0002814218 0.0001266072 0.0000664164 0.0002882824 0.0000392573 0.0000423488 -2.6193645699 0.9965047788 0.1923819873 12.9384421218 6.1285580717 9.7862635851 -0.9944492527 -1.1601812763 1.1839435569 0.4652571007
0.6300328192 0.9631572181 -0.0334648437 -0.0007064059 0.0055178404 0.0027414668 0.0023822218 -0.0014858357 -0.0009942605 -0.0002009825 -0.0001947249 0.0003262863 0.0001430417 0.0000768198 0.0003437984 0.0000449282 0.0000508469 -2.4246766207 1.0001629434 0.1717610220 11.2874364525 5.9847805090 8.9291197078 -0.9874407042 -1.0976250631 1.1290297268 0.4338746604
0.6114411856 0.9564611009 -0.0336862223 -0.0006047267 0.0063722935 0.0029565167 0.0027284993 -0.0017121987 -0.0011331498 -0.0002288880 -0.0002251364 0.0003724876 0.0001596263 0.0000860749 0.0003939794 0.0000508400 0.0000612879 -2.2276877168 0.9965111203 0.1554671625 9.7056678985 5.8277943827 8.2114684105 -0.9711412301 -1.0321836691 1.0759747695 0.3950771294
0.5928495520 0.9489837328 -0.0337814674 -0.0005433353 0.0073195380 0.0031858024 0.0031238496 -0.0019685095 -0.0012756984 -0.0002582447 -0.0002599374 0.0004196688 0.0001788800 0.0000987039 0.0004476729 0.0000578504 0.0000784824 -2.0370315422 0.9975961001 0.1243793285 8.3525421834 5.7087320371 8.0331232035 -0.9489910807 -0.9727905525 1.0172436484 0.3690340513
0.5742579184 0.9407919599 -0.0338093898 -0.0003548083 0.0083657824 0.0034131473 0.0035105631 -0.0022447866 -0.0014327636 -0.0002842973 -0.0002959752 0.0004652162 0.0001941693 0.0001103687 0.0005146860 0.0000637347 0.0000928116 -1.8722389020 0.9762602137 0.1119472036 7.3487946642 5.4787373438 7.5081578934 -0.9122023847 -0.9221692457 0.9536755156 0.3427725569
0.5556662848 0.9318111593 -0.0338346542 -0.0000677905 0.0094794679 0.0036545888 0.0038939759 -0.0025314072 -0.0016024240 -0.0003077134 -0.0003288590 0.0005094081 0.0002080221 0.0001206990 0.0005962222 0.0000696956 0.0001021633 -1.7358137621 0.9437946318 0.0658651362 6.6295425725 5.2229790705 6.7086225242 -0.8660137858 -0.8669737100 0.8907524469 0.3171350229
0.5370746512 0.9219992270 -0.0338455275 0.0002604171 0.0105931824 0.0039066854 0.0043329487 -0.0028246407 -0.0017408806 -0.0003305547 -0.0003633840 0.0005487902 0.0002225044 0.0001303609 0.0006685335 0.0000759783 0.0001187977 -1.5964439773 0.9132341976 0.0245935373 5.9547404577 4.9832217389 6.2769094239 -0.8233776839 -0.8136090167 0.8303447223 0.2909596748
0.5184830177 0.9113817045 -0.0338642751 0.0005504369 0.0117284581 0.0041520683 0.0048042569 -0.0031035262 -0.0018609576 -0.0003493456 -0.0003929999 0.0005788521 0.0002348709 0.0001365159 0.0007394785 0.0000818618 0.0001381714 -1.4654082815 0.8787351046 0.0385054748 5.3761477754 4.7506070677 5.9436939780 -0.7782566189 -0.7538921491 0.7672011000 0.2613926139
0.4998913841 0.8999081853 -0.0337880049 0.0009196282 0.0128997540 0.0044083232 0.0052786687 -0.0034029650 -0.0019787570 -0.0003655269 -0.0004204543 0.0006085844 0.0002463367 0.0001461442 0.0008225487 0.0000881929 0.0001512708 -1.3515879233 0.8417518292 0.0854395995 4.9449628936 4.5353243769 5.4079474435 -0.7312243067 -0.7005117844 0.7118520398 0.2428524250
0.4812997505 0.8877232152 -0.0337782894 0.0013061302 0.0140771517 0.0046666935 0.0057831116 -0.0037026179 -0.0020830108 -0.0003780490 -0.0004520009 0.0006336085 0.0002562575 0.0001549724 0.0009099624 0.0000946818 0.0001723054 -1.2488428748 0.8043292864 0.1125451640 4.5959946515 4.3460146148 5.1284879546 -0.6836878490 -0.6582303254 0.6601595929 0.2254618363
0.4627081169 0.8748123185 -0.0336340455 0.0015765021 0.0152854816 0.0049388545 0.0063242607 -0.0040365563 -0.0021644459 -0.0003936277 -0.0004770050 0.0006621028 0.0002686614 0.0001644440 0.0009969859 0.0001030119 0.0001964049 -1.1470671606 0.7745346466 0.1055811674 4.2709936532 4.2208419366 4.8871441776 -0.6452474064 -0.6092753068 0.6173158681 0.2101584503
0.4441164833 0.8612421875 -0.0334110748 0.0017488796 0.0165428854 0.0052185768 0.0068532907 -0.0043977063 -0.0022257431 -0.0004093056 -0.0004903276 0.0006937726 0.0002797759 0.0001731346 0.0010872169 0.0001116349 0.0002205744 -1.0469349010 0.7427075173 0.1058184077 3.9712276532 4.0956800423 4.6658898080 -0.6103629417 -0.5554222685 0.5808734094 0.1962315050
0.4255248497 0.8471541275 -0.0331119554 0.0019937876 0.0178355062 0.0055012395 0.0073429526 -0.0047615539 -0.0022954294 -0.0004254752 -0.0005027947 0.0007251296 0.0002898860 0.0001780297 0.0011955306 0.0001196913 0.0002439521 -0.9637794670 0.7106085922 0.1121097278 3.7515113535 3.9487894857 4.4943866976 -0.5793059389 -0.5117914174 0.5478902943 0.1812388768
0.4069332161 0.8326361527 -0.0327725351 0.0022569491 0.0190415837 0.0057957262 0.0078624868 -0.0051165032 -0.0023472095 -0.0004382615 -0.0005173212 0.0007494328 0.0003012949 0.0001799192 0.0013028249 0.0001293062 0.0002673726 -0.8926332352 0.6828424967 0.1091831398 3.5818258576 3.8407767432 4.3064161801 -0.5477248596 -0.4766905514 0.5162632236 0.1658126864
0.3883415825 0.8178166462 -0.0323828296 0.0024707737 0.0201022732 0.0060918235 0.0083875692 -0.0054518855 -0.0023584244 -0.0004422329 -0.0005202866 0.0007566527 0.0003036837 0.0001874650 0.0013960882 0.0001386721 0.0002916303 -0.8265562657 0.6380141144 0.0962147004 3.4428376245 3.7233200780 4.1301051400 -0.5115859851 -0.4374615099 0.4812076104 0.1577731662
0.3697499489 0.8025833578 -0.0319856574 0.0028442507 0.0211175112 0.0063609744 0.0089573058 -0.0057719613 -0.0023401909 -0.0004407804 -0.0005165748 0.0007536014 0.0003014704 0.0001973279 0.0014880360 0.0001465335 0.0003144054 -0.7625459679 0.5937367676 0.0670091601 3.3298298829 3.6076925560 3.9087892533 -0.4766755185 -0.3970940036 0.4466990977 0.1516840989
0.3511583153 0.7868445865 -0.0315594620 0.0032771464 0.0221409444 0.0065907986 0.0095429575 -0.0060758394 -0.0023050307 -0.0004342512 -0.0005159352 0.0007468087 0.0002975640 0.0001972888 0.0015812431 0.0001524421 0.0003416711 -0.7004737243 0.5556656769 0.0439260170 3.2231093510 3.4958547916 3.7456091402 -0.4425767573 -0.3635376664 0.4150104995 0.1391553611
0.3325666817 0.7705743621 -0.0310438867 0.0037462469 0.0230462013 0.0068110189 0.0100610251 -0.0063497952 -0.0022315836 -0.0004237696 -0.0004988387 0.0007339748 0.0002948567 0.0001917972 0.0016592029 0.0001589703 0.0003695243 -0.6391869921 0.5241518324 0.0562298198 3.1240579545 3.4147013993 3.6463434710 -0.4097949255 -0.3267677517 0.3858321139 0.1256897692
0.3139750481 0.7537762339 -0.0304275329 0.0038442055 0.0238577824 0.0070296068 0.0105068270 -0.0065804670 -0.0021307736 -0.0004075371 -0.0004771672 0.0007056672 0.0002885570 0.0001867846 0.0017242634 0.0001661747 0.0003926566 -0.5794353406 0.4894430721 0.0582896545 3.0286031183 3.3524512978 3.5559248234 -0.3756702990 -0.2940928449 0.3529621012 0.1152064169
0.2953834146 0.7365821433 -0.0297251455 0.0036259728 0.0246314429 0.0072547034 0.0110089096 -0.0067802327 -0.0020466810 -0.0003856627 -0.0004518283 0.0006681852 0.0002815963 0.0001749135 0.0018006175 0.0001736828 0.0004260502 -0.5304816242 0.4558272986 0.0484560447 2.9661773000 3.2923156905 3.5141462235 -0.3394410543 -0.2615111033 0.3188180664 0.1014538621
0.2767917810 0.7193353306 -0.0289808815 0.0033091382 0.0253115713 0.0074888222 0.0114983347 -0.0069578182 -0.0019553358 -0.0003634928 -0.0004309729 0.0006247420 0.0002758698 0.0001673694 0.0018731913 0.0001826631 0.0004518516 -0.4865245770 0.4258758118 0.0507809955 2.9221441321 3.2508158657 3.4166909237 -0.3058721126 -0.2355550327 0.2856016804 0.0915996798
0.2582001474 0.7022599111 -0.0281728708 0.0029762567 0.0258899719 0.0076971723 0.0118562205 -0.0071151059 -0.0018488029 -0.0003376187 -0.0003999685 0.0005737312 0.0002651535 0.0001630416 0.0019312624 0.0001889081 0.0004664899 -0.4446400855 0.3933228748 0.0544677578 2.8794674736 3.1854321628 3.3175569365 -0.2734250950 -0.2097905077 0.2530088138 0.0855859941
0.2396085138 0.6850135094 -0.0271821932 0.0029923835 0.0264773585 0.0079031790 0.0122171010 -0.0073094159 -0.0017555706 -0.0003203592 -0.0003774819 0.0005373636 0.0002612849 0.0001569349 0.0020020621 0.0001953217 0.0004888497 -0.4080219659 0.3727650345 0.0475254781 2.8533126946 3.1241979024 3.2760383293 -0.2498688274 -0.1901581989 0.2286321024 0.0790717010
0.2210168802 0.6675241756 -0.0262217262 0.0034477306 0.0270302360 0.0080756395 0.0125657219 -0.0074720944 -0.0016510135 -0.0003004598 -0.0003455727 0.0004951627 0.0002498118 0.0001502234 0.0020676277 0.0002017036 0.0005142197 -0.3719975412 0.3448297066 0.0380139798 2.8278348456 3.0881302672 3.2572570828 -0.2268189695 -0.1677226416 0.2040767660 0.0728962903
0.2024252466 0.6496055311 -0.0253138150 0.0039594266 0.0275223068 0.0082355177 0.0128876069 -0.0076185666 -0.0015226027 -0.0002670286 -0.0003012513 0.0004430014 0.0002267119 0.0001390593 0.0021228619 0.0002074908 0.0005380660 -0.3339028043 0.3038178759 0.0364897530 2.8013093688 3.0539904472 3.2400690012 -0.1958793878 -0.1413707941 0.1775987276 0.0652484151
0.1838336130 0.6312530928 -0.0243984746 0.0042133378 0.0278751272 0.0083531211 0.0131115865 -0.0077327103 -0.0013870036 -0.0002263884 -0.0002518086 0.0003944120 0.0001972328 0.0001260940 0.0021577935 0.0002111599 0.0005484736 -0.2985370730 0.2585853654 0.0285720055 2.7764411051 3.0217648280 3.1914848786 -0.1627820651 -0.1153477693 0.1551176077 0.0577494391
0.1652419794 0.6128860562 -0.0235880513 0.0042105767 0.0281460038 0.0084672136 0.0132754613 -0.0078256691 -0.0012347838 -0.0001958526 -0.0001997341 0.0003494172 0.0001745579 0.0001094650 0.0021762107 0.0002159071 0.0005586096 -0.2620462293 0.2242937558 0.0128167987 2.7470545656 3.0074548313 3.1718239365 -0.1383732425 -0.0900006560 0.1352164798 0.0493136585
0.1466503458 0.5946789423 -0.0227813272 0.0042182492 0.0284580421 0.0085496407 0.0134604293 -0.0078607499 -0.0010711102 -0.0001672945 -0.0001719632 0.0002943854 0.0001537923 0.0000957851 0.0021980898 0.0002186703 0.0005692106 -0.2235285957 0.1950589919 0.0161857920 2.7143447663 2.9880492600 3.1412439926 -0.1164898892 -0.0761111864 0.1121074622 0.0423898706
0.1280587122 0.5767160495 -0.0220448331 0.0040920491 0.0287742028 0.0086274186 0.0136043153 -0.0078949417 -0.0009210856 -0.0001394241 -0.0001363889 0.0002486106 0.0001331769 0.0000831299 0.0022216297 0.0002216753 0.0005775501 -0.1888171657 0.1666110877 0.0146460023 2.6834951216 2.9742386284 3.1197484394 -0.0956302860 -0.0593947825 0.0931283765 0.0361021312
0.1094670786 0.5589949086 -0.0213285187 0.0043063886 0.0289523822 0.0086669301 0.0136837549 -0.0079079056 -0.0007823531 -0.0001133269 -0.0000890548 0.0002069366 0.0001112614 0.0000745789 0.0022329724 0.0002235343 0.0005815524 -0.1586947054 0.1382470360 0.0221086458 2.6637508946 2.9739888538 3.1052871694 -0.0770435821 -0.0382764938 0.0767891038 0.0320197115
0.0908754451 0.5413193768 -0.0205037310 0.0048022511 0.0289721682 0.0086719989 0.0136580151 -0.0079308985 -0.0006475177 -0.0000805871 -0.0000304747 0.0001595701 0.0000849669 0.0000669901 0.0022256527 0.0002222301 0.0005797513 -0.1311017583 0.1055488314 0.0243409351 2.6513224416 2.9539735272 3.1068352640 -0.0546124999 -0.0128855811 0.0591291889 0.0287283811
0.0722838115 0.5237109399 -0.0196988502 0.0050975906 0.0289008782 0.0086488999 0.0135950317 -0.0079404254 -0.0005120257 -0.0000486972 0.0000127399 0.0001103912 0.0000612703 0.0000488590 0.0022036906 0.0002184428 0.0005792452 -0.1039848527 0.0764555263 0.0313847007 2.6381361024 2.9192722956 3.1322193562 -0.0330447341 0.0057580681 0.0409779212 0.0210271979
0.0536921779 0.5062097091 -0.0188429098 0.0054389201 0.0287321521 0.0086205502 0.0135238746 -0.0078858311 -0.0003557121 -0.0000154018 0.0000358086 0.0000527860 0.0000412976 0.0000302341 0.0021736613 0.0002167084 0.0005739730 -0.0728447578 0.0518207168 0.0160042741 2.6328949838 2.9155529401 3.1349535548 -0.0104933316 0.0156655115 0.0196605186 0.0131053542
0.0351005443 0.4887552339 -0.0180792363 0.0052681030 0.0284647492 0.0085685590 0.0134884033 -0.0078131269 -0.0002058572 0.0000159704 0.0000577228 -0.0000051015 0.0000206831 0.0000168867 0.0021293216 0.0002153978 0.0005710034 -0.0426082933 0.0262523516 0.0094459333 2.6279778791 2.9335009152 3.1357769592 0.0111912719 0.0252317880 -0.0021069375 0.0073312931
0.0165089107 0.4715683639 -0.0173667771 0.0050003243 0.0281682387 0.0084970335 0.0134551047 -0.0077025144 -0.0000557118 0.0000438862 0.0000860676 -0.0000525528 0.0000048333 0.0000053124 0.0020905130 0.0002125531 0.0005665237 -0.0114886592 0.0062917807 0.0075676595 2.6348165566 2.9438521321 3.1272791274 0.0309542097 0.0380607178 -0.0203528137 0.0023034476
-0.0020827229 0.4547992864 -0.0166832156 0.0049591959 0.0278564432 0.0084037042 0.0133606565 -0.0075738712 0.0001013202 0.0000722442 0.0001198515 -0.0000976455 -0.0000141365 -0.0000049957 0.0020621776 0.0002073454 0.0005588889 0.0219816494 -0.0184572579 0.0115970578 2.6576699121 2.9364508474 3.1284115281 0.0519092156 0.0537817154 -0.0383419088 -0.0022962547
-0.0206743565 0.4383685172 -0.0160767297 0.0048178033 0.0275441165 0.0083050137 0.0131355666 -0.0074243549 0.0002572920 0.0000999433 0.0001522823 -0.0001457764 -0.0000341094 -0.0000159749 0.0020293224 0.0002028988 0.0005431555 0.0563982436 -0.0453427114 0.0121607008 2.6750486009 2.9424492254 3.1464120811 0.0730962287 0.0698546261 -0.0581521316 -0.0073228495
-0.0392659901 0.4224230929 -0.0155504609 0.0045807491 0.0271873808 0.0081726855 0.0128456121 -0.0072618505 0.0004088631 0.0001272696 0.0001776773 -0.0001903700 -0.0000518366 -0.0000254779 0.0019860868 0.0001969239 0.0005154213 0.0913100914 -0.0703987515 0.0193662032 2.6873023952 2.9494851151 3.1228052403 0.0952036381 0.0840409310 -0.0775314375 -0.0119726899
-0.0578576237 0.4065032342 -0.0150244413 0.0043661920 0.0267010629 0.0080312862 0.0125994301 -0.0070748083 0.0005389049 0.0001535693 0.0002090308 -0.0002302242 -0.0000705425 -0.0000338985 0.0019234270 0.0001909034 0.0004951212 0.1236059738 -0.0981760701 0.0218080178 2.6978908116 2.9612610640 3.1197411029 0.1179514278 0.1019197447 -0.0962472238 -0.0164983995
-0.0764492573 0.3905172233 -0.0144220102 0.0040795605 0.0261731278 0.0079047948 0.0123942109 -0.0069008781 0.0006577799 0.0001775429 0.0002394042 -0.0002630329 -0.0000895663 -0.0000444856 0.0018579142 0.0001860829 0.0004802319 0.1555115170 -0.1275207376 0.0113367452 2.7117324158 2.9800488929 3.1260389147 0.1398450111 0.1197914564 -0.1130584018 -0.0222296853
-0.0950408909 0.3746481027 -0.0136355638 0.0035742122 0.0256415896 0.0077980811 0.0121571963 -0.0067481329 0.0007687003 0.0002010580 0.0002576234 -0.0002890308 -0.0001064209 -0.0000527498 0.0017964462 0.0001824369 0.0004618459 0.1877920697 -0.1547245097 0.0064810435 2.7316009199 3.0019699324 3.1239546162 0.1618892995 0.1326402046 -0.1277668716 -0.0270783926
-0.1136325245 0.3589403130 -0.0128779730 0.0031240352 0.0250630447 0.0076530555 0.0118694052 -0.0065764457 0.0008808526 0.0002198865 0.0002733293 -0.0003171209 -0.0001150962 -0.0000594287 0.0017268790 0.0001767592 0.0004466460 0.2231059783 -0.1719884270 0.0101625183 2.7491532313 3.0181560154 3.1687621891 0.1821268891 0.1454498468 -0.1448046759 -0.0316929220
-0.1322241580 0.3434933695 -0.0122608063 0.0025848772 0.0244086850 0.0074848451 0.0115795739 -0.0063789445 0.0009548728 0.0002280055 0.0002934451 -0.0003333207 -0.0001216940 -0.0000707052 0.0016473416 0.0001701217 0.0004317281 0.2519263064 -0.1881026664 0.0084125831 2.7658224225 3.0357458744 3.2186651857 0.1956121308 0.1618245464 -0.1580597264 -0.0389756570
-0.1508157916 0.3284729702 -0.0117234681 0.0022045417 0.0236724621 0.0073046791 0.0112872078 -0.0061819352 0.0009976011 0.0002354515 0.0003206869 -0.0003424791 -0.0001277286 -0.0000790903 0.0015571814 0.0001629693 0.0004142552 0.2753960162 -0.2049938093 0.0131469236 2.7792055777 3.0536296895 3.2501936149 0.2100313702 0.1840687941 -0.1694092487 -0.0452628063
-0.1694074252 0.3137087286 -0.0111606971 0.0017792432 0.0229446930 0.0071173881 0.0109777257 -0.0060088522 0.0010369785 0.0002400608 0.0003409916 -0.0003549100 -0.0001302396 -0.0000838295 0.0014741080 0.0001558127 0.0003950095 0.2998225723 -0.2175692987 0.0062049730 2.7999719078 3.0762083758 3.2754795560 0.2231740958 0.2043678129 -0.1833934858 -0.0499992890
-0.1879990588 0.2991417772 -0.0106947629 0.0014180722 0.0222339616 0.0069203833 0.0106246575 -0.0058172758 0.0010919367 0.0002421745 0.0003547117 -0.0003716295 -0.0001347860 -0.0000903199 0.0014006640 0.0001473640 0.0003747567 0.3307504423 -0.2349781606 0.0046046013 2.8332358526 3.0783868832 3.3157560806 0.2354018074 0.2231157941 -0.2009609557 -0.0565059286
-0.2065906924 0.2846997707 -0.0103017217 0.0013582037 0.0215263362 0.0067279868 0.0102412550 -0.0056092170 0.0011397314 0.0002459962 0.0003613316 -0.0003847795 -0.0001388145 -0.0000980442 0.0013330684 0.0001400512 0.0003522641 0.3621809529 -0.2525564432 -0.0011180520 2.8770191612 3.0947804105 3.3506249430 0.2499071232 0.2396296188 -0.2178062029 -0.0648356157
-0.2251823260 0.2706468969 -0.0097650040 0.0012938079 0.0208427491 0.0065519594 0.0098917500 -0.0053858107 0.0011631013 0.0002530156 0.0003677601 -0.0003853087 -0.0001468928 -0.0001065021 0.0012685627 0.0001350794 0.0003317297 0.3880499904 -0.2776590020 -0.0148408237 2.9211349221 3.1449009570 3.3837671358 0.2678905057 0.2570252689 -0.2280408296 -0.0743900478
-0.2437739596 0.2569970030 -0.0091551258 0.0011202473 0.0201404769 0.0063783490 0.0096009440 -0.0051773478 0.0011754641 0.0002588096 0.0003740969 -0.0003841833 -0.0001553206 -0.0001132234 0.0012049161 0.0001300632 0.0003141303 0.4131620941 -0.3055652797 -0.0160363319 2.9712948416 3.1949401708 3.4024755489 0.2859386764 0.2744620348 -0.2380546665 -0.0828550077
-0.2623655932 0.2437644449 -0.0086323277 0.0008033520 0.0194701998 0.0061955921 0.0092946424 -0.0049894116 0.0012085030 0.0002646816 0.0003737242 -0.0003896980 -0.0001647979 -0.0001120991 0.0011487508 0.0001244019 0.0002973869 0.4468127361 -0.3388097227 0.0004866696 3.0299733834 3.2367066247 3.4381738141 0.3055204750 0.2882828384 -0.2526905412 -0.0860330518
-0.2809572268 0.2309214010 -0.0081757458 0.0004098250 0.0188019112 0.0059832804 0.0088985358 -0.0048103885 0.0012291602 0.0002680426 0.0003662383 -0.0003929685 -0.0001729548 -0.0001098046 0.0010908931 0.0001179338 0.0002752451 0.4785402191 -0.3746583826 -0.0007806492 3.0839549279 3.2877176063 3.4730706220 0.3260273902 0.3003803717 -0.2681878789 -0.0896996887
-0.2995488604 0.2181920075 -0.0077572269 0.0003109664 0.0181021468 0.0057722188 0.0084846930 -0.0046212958 0.0012270198 0.0002722586 0.0003636021 -0.0003966652 -0.0001804345 -0.0001081930 0.0010266596 0.0001119511 0.0002552736 0.5052394290 -0.4125779591 -0.0063380870 3.1290780793 3.3534423251 3.5393958553 0.3500435670 0.3188129786 -0.2865984632 -0.0949106701
-0.3181404940 0.2056688700 -0.0073326982 0.0003611627 0.0173779619 0.0055718423 0.0080834474 -0.0044310470 0.0012054807 0.0002784578 0.0003613499 -0.0004022052 -0.0001870905 -0.0001050377 0.0009573613 0.0001069279 0.0002400487 0.5271644861 -0.4515881576 -0.0081703174 3.1642134106 3.4388934277 3.6662772097 0.3791020278 0.3395132735 -0.3085638325 -0.0988548210
-0.3367321276 0.1932825099 -0.0067816247 0.0003381686 0.0166008311 0.0053390265 0.0077032816 -0.0042389553 0.0011803935 0.0002796263 0.0003533423 -0.0004037319 -0.0001853904 -0.0001077191 0.0008870028 0.0001000851 0.0002265781 0.5530015600 -0.4768896042 0.0056309778 3.2143377109 3.5077269238 3.8085044668 0.4068927405 0.3566754435 -0.3317634560 -0.1088807642
-0.3553237612 0.1811410689 -0.0061439952 0.0001651096 0.0158438805 0.0050868126 0.0072473043 -0.0040228823 0.0011573764 0.0002733703 0.0003445247 -0.0003957466 -0.0001806956 -0.0001089132 0.0008186528 0.0000925303 0.0002057952 0.5818475326 -0.4998094866 0.0147597652 3.2576175862 3.5762972761 3.9053320949 0.4274612411 0.3784031754 -0.3489928994 -0.1195104185
-0.3739153947 0.1694915113 -0.0055784542 -0.0000268904 0.0151396087 0.0048585325 0.0068300052 -0.0038076908 0.0011258816 0.0002699059 0.0003367814 -0.0003830909 -0.0001777720 -0.0001076136 0.0007564732 0.0000863023 0.0001874538 0.6059683731 -0.5274886899 0.0104957067 3.2947058794 3.6574315366 4.0096630090 0.4523080775 0.4019882468 -0.3616314691 -0.1283733065
-0.3925070283 0.1582946216 -0.0051181692 -0.0001723334 0.0143886663 0.0046310729 0.0064217809 -0.0035927712 0.0010887633 0.0002629897 0.0003199176 -0.0003678601 -0.0001729967 -0.0001023995 0.0006949163 0.0000798495 0.0001682814 0.6324967608 -0.5520839085 0.0035634205 3.3485454314 3.7225782872 4.0837104307 0.4746521029 0.4178321543 -0.3743729249 -0.1339914037
-0.4110986619 0.1475083532 -0.0046761423 -0.0002951317 0.0136288804 0.0044165317 0.0060471097 -0.0033856007 0.0010625988 0.0002532932 0.0003030726 -0.0003524488 -0.0001682255 -0.0000987378 0.0006378682 0.0000742583 0.0001495622 0.6694820614 -0.5755237029 -0.0010295117 3.4232686396 3.8042162026 4.0928581705 0.4924509030 0.4328687887 -0.3879339030 -0.1409045758
-0.4296902955 0.1370084808 -0.0041830554 -0.0004536611 0.0128876806 0.0042071534 0.0056988185 -0.0031816094 0.0010319563 0.0002423448 0.0002863855 -0.0003374756 -0.0001622154 -0.0000949680 0.0005816804 0.0000688358 0.0001363617 0.7065021651 -0.5956348894 -0.0116162533 3.4863039520 3.8832554846 4.2009485151 0.5083951825 0.4468922772 -0.4025323699 -0.1475294814
-0.4482819291 0.1267887655 -0.0036501792 -0.0005179983 0.0121462858 0.0039839805 0.0053547100 -0.0029670900 0.0009845605 0.0002312641 0.0002727057 -0.0003193816 -0.0001537266 -0.0000909241 0.0005259415 0.0000630976 0.0001242880 0.7372068351 -0.6113672061 -0.0253310697 3.5494848414 3.9630360327 4.3353095725 0.5275990668 0.4665621845 -0.4157045500 -0.1546977487
-0.4668735627 0.1169562531 -0.0031480532 -0.0005297898 0.0113964621 0.0037682646 0.0050437251 -0.0027478257 0.0009299354 0.0002202516 0.0002638739 -0.0002996483 -0.0001475559 -0.0000889966 0.0004709945 0.0000583300 0.0001151301 0.7673156060 -0.6375843863 -0.0304259785 3.6166445933 4.0940396952 4.5279398132 0.5484583222 0.4939997753 -0.4276490777 -0.1657135519
-0.4854651963 0.1074312160 -0.0027536578 -0.0004330493 0.0106607113 0.0035622654 0.0047296569 -0.0025430911 0.0008766067 0.0002089665 0.0002527373 -0.0002811588 -0.0001413729 -0.0000874907 0.0004199727 0.0000540551 0.0001049905 0.8008603817 -0.6649003302 -0.0236905049 3.6924735158 4.2463757809 4.7024828725 0.5687603157 0.5211008797 -0.4407677266 -0.1796013352
-0.5040568299 0.0982116351 -0.0024020151 -0.0001761470 0.0099688509 0.0033609215 0.0043796477 -0.0023583808 0.0008380048 0.0001986868 0.0002357252 -0.0002669823 -0.0001346321 -0.0000842576 0.0003789654 0.0000494438 0.0000918026 0.8481981368 -0.6912008569 -0.0057392462 3.8185018726 4.3666202569 4.7802302094 0.5926766618 0.5420936321 -0.4606632533 -0.1934022572
-0.5226484635 0.0893800665 -0.0021100256 -0.0000592083 0.0093245503 0.0031706210 0.0040125919 -0.0021899263 0.0008032933 0.0001903376 0.0002151976 -0.0002556733 -0.0001307303 -0.0000769919 0.0003435633 0.0000453867 0.0000779316 0.9000394859 -0.7322091062 -0.0190224068 3.9634450467 4.5057252899 4.8350220098 0.6220945387 0.5588205912 -0.4858065794 -0.1999210623
-0.5412400971 0.0810195482 -0.0017829272 -0.0000294185 0.0087042190 0.0029855372 0.0036853798 -0.0020301474 0.0007616933 0.0001820514 0.0001988411 -0.0002444195 -0.0001260866 -0.0000706082 0.0003103158 0.0000417390 0.0000680908 0.9468886161 -0.7720968339 -0.0212343317 4.1107958370 4.6657325785 5.0169621868 0.6533753734 0.5838470323 -0.5130690868 -0.2070563914
-0.5598317307 0.0731678223 -0.0014038863 0.0000103950 0.0080866357 0.0027954920 0.0033972984 -0.0018734216 0.0007174806 0.0001726433 0.0001892714 -0.0002320588 -0.0001198443 -0.0000671481 0.0002806765 0.0000380654 0.0000616191 0.9945351166 -0.8092777631 0.0067890797 4.2995620614 4.8432950997 5.3568454351 0.6859193639 0.6260493899 -0.5415757885 -0.2220238181
-0.5784233642 0.0656767678 -0.0010100514 -0.0000262074 0.0074686085 0.0026079597 0.0031117315 -0.0017081436 0.0006719263 0.0001617722 0.0001759252 -0.0002178307 -0.0001135761 -0.0000622165 0.0002530550 0.0000344312 0.0000542175 1.0469970618 -0.8505008208 0.0287035801 4.5367127500 5.0293114277 5.6223097122 0.7166068613 0.6600734352 -0.5689644831 -0.2341677797
-0.5970149978 0.0585813533 -0.0006259059 -0.0001250643 0.0068688306 0.0024302641 0.0028410346 -0.0015357778 0.0006207830 0.0001499067 0.0001590349 -0.0001999537 -0.0001070906 -0.0000565967 0.0002248361 0.0000310527 0.0000470927 1.0969024507 -0.8928069947 0.0183538976 4.7738823491 5.2330877211 5.8415770064 0.7432196068 0.6781699408 -0.5877914058 -0.2426613123
-0.6156066314 0.0520072345 -0.0002613632 -0.0003261532 0.0062885780 0.0022634580 0.0025824802 -0.0013645523 0.0005640544 0.0001383200 0.0001415800 -0.0001798071 -0.0001007794 -0.0000525317 0.0001968117 0.0000281839 0.0000408361 1.1392370516 -0.9359798889 -0.0118124106 4.9995583414 5.4854818802 6.1268546483 0.7700776521 0.6896758828 -0.5983512527 -0.2579555922
-0.6341982650 0.0459285441 0.0000494941 -0.0006134260 0.0057229820 0.0020998828 0.0023372548 -0.0012067579 0.0005077535 0.0001272132 0.0001279475 -0.0001605345 -0.0000947542 -0.0000491891 0.0001717928 0.0000257588 0.0000352331 1.1822682841 -0.9852084987 -0.0429990470 5.2813953290 5.8321619174 6.4557522960 0.8004910772 0.7203373784 -0.6099982407 -0.2790759516
-0.6527898986 0.0402926164 0.0003212575 -0.0008575761 0.0051739688 0.0019408055 0.0021115900 -0.0010610197 0.0004531077 0.0001154585 0.0001151351 -0.0001414794 -0.0000888954 -0.0000444672 0.0001485087 0.0000235441 0.0000307545 1.2259797306 -1.0399410998 -0.0463897911 5.5907427444 6.2317679601 6.9046375934 0.8265395855 0.7536384008 -0.6191520385 -0.2930542789
-0.6713815322 0.0350152957 0.0005807061 -0.0010419568 0.0046464250 0.0017865175 0.0019010867 -0.0009292613 0.0003972810 0.0001037222 0.0001020187 -0.0001247303 -0.0000815900 -0.0000396875 0.0001258941 0.0000211033 0.0000264391 1.2597141619 -1.0843062938 -0.0651100697 5.8752595537 6.6323006788 7.2650694406 0.8523701384 0.7768205867 -0.6349362411 -0.3060357474
-0.6899731658 0.0300882687 0.0008210411 -0.0012800645 0.0041510330 0.0016384419 0.0016969175 -0.0008134780 0.0003404751 0.0000925537 0.0000875397 -0.0001096026 -0.0000741357 -0.0000345542 0.0001052885 0.0000187472 0.0000215539 1.2744316993 -1.1290693723 -0.1068440043 6.1538575229 7.0972318208 7.4518758709 0.8792083265 0.7861256176 -0.6533532986 -0.3149090892
-0.7085647994 0.0255734433 0.0010777026 -0.0014806155 0.0036976209 0.0015004197 0.0015065249 -0.0007077042 0.0002883630 0.0000821327 0.0000740141 -0.0000950253 -0.0000674271 -0.0000302800 0.0000881121 0.0000167087 0.0000177173 1.2805882065 -1.1760237049 -0.1008603858 6.4927164088 7.5707745725 7.7989692344 0.9023691269 0.7907446467 -0.6638498428 -0.3280545250
-0.7271564330 0.0216053645 0.0013380152 -0.0016693921 0.0033155257 0.0013697122 0.0013343024 -0.0006153666 0.0002467036 0.0000719161 0.0000623000 -0.0000825228 -0.0000605417 -0.0000261796 0.0000746859 0.0000147613 0.0000145087 1.2871789858 -1.2090175392 -0.0630884206 6.8536409215 7.9776417740 8.0601009157 0.9108432974 0.7900145821 -0.6697442608 -0.3361343991
-0.7457480666 0.0181058443 0.0015614313 -0.0017395031 0.0029913252 0.0012474005 0.0011819211 -0.0005318779 0.0002097230 0.0000613314 0.0000524392 -0.0000708321 -0.0000540240 -0.0000236526 0.0000625991 0.0000129805 0.0000121455 1.2716490398 -1.2393482938 -0.0186186039 7.0313549495 8.4341936801 8.5392346061 0.8937415109 0.7903150602 -0.6629956445 -0.3592197521
-0.7643397002 0.0149887087 0.0017664862 -0.0017054675 0.0027095200 0.0011284529 0.0010420674 -0.0004521588 0.0001774003 0.0000515901 0.0000439101 -0.0000593990 -0.0000475892 -0.0000203155 0.0000518466 0.0000110633 0.0000102328 1.2395724747 -1.2653632669 0.0257982985 7.0273608428 8.7764751909 9.1365228829 0.8685486015 0.7879769560 -0.6407958092 -0.3666653535
-0.7829313338 0.0122604653 0.0019406274 -0.0016993416 0.0024677116 0.0010145292 0.0009222345 -0.0003804874 0.0001504112 0.0000433977 0.0000365365 -0.0000499507 -0.0000411615 -0.0000167184 0.0000435544 0.0000092105 0.0000085584 1.1992358989 -1.2758795530 0.0361509957 7.0238106346 8.9418592403 9.5901364455 0.8461917573 0.7711877883 -0.6196036323 -0.3564706727
-0.8015229673 0.0098816334 0.0020607913 -0.0017549842 0.0022533939 0.0009124022 0.0008196715 -0.0003177117 0.0001259963 0.0000365401 0.0000298451 -0.0000419924 -0.0000356693 -0.0000141470 0.0000366960 0.0000077726 0.0000069176 1.1446125099 -1.2863848837 0.0264667072 7.0374037508 9.1969429912 9.7749856769 0.8220557358 0.7374661991 -0.5979113802 -0.3546172118
-0.8201146009 0.0078206917 0.0021635008 -0.0018099023 0.0020602189 0.0008202837 0.0007294900 -0.0002596776 0.0001032720 0.0000300623 0.0000233158 -0.0000341687 -0.0000306215 -0.0000125065 0.0000304113 0.0000065573 0.0000054116 1.0734294439 -1.2928277437 0.0229738090 6.9733954153 9.5693311196 9.7392824181 0.7854421498 0.6761397952 -0.5617011438 -0.3685683048
-0.8387062345 0.0060768635 0.0022557669 -0.0017432885 0.0018941207 0.0007364936 0.0006430471 -0.0002148580 0.0000852313 0.0000247308 0.0000177853 -0.0000278573 -0.0000264100 -0.0000103876 0.0000252972 0.0000055621 0.0000041935 1.0041819272 -1.3074078538 0.0537592410 6.8443156742 10.0253949690 9.8163802872 0.7495238485 0.6102091429 -0.5251486597 -0.3611946047
-0.8572978681 0.0046220811 0.0023362107 -0.0016410010 0.0017516569 0.0006581000 0.0005661900 -0.0001756756 0.0000696972 0.0000197852 0.0000137301 -0.0000221901 -0.0000224593 -0.0000083154 0.0000206492 0.0000045825 0.0000032726 0.9227723380 -1.3190429685 0.0951514111 6.5170819470 10.4053504537 9.8379608166 0.6978092176 0.5588504980 -0.4772826714 -0.3417095566
-0.8758895017 0.0034406649 0.0024207417 -0.0015693494 0.0016303139 0.0005868565 0.0005029002 -0.0001412487 0.0000561984 0.0000157895 0.0000108385 -0.0000173568 -0.0000191471 -0.0000067921 0.0000167653 0.0000038077 0.0000025507 0.8305079145 -1.3335940661 0.1198853670 6.1210800031 10.8764051022 9.5935284879 0.6455094745 0.5108066736 -0.4238057070 -0.3229470859
-0.8944811353 0.0024836349 0.0024838012 -0.0015688196 0.0015292290 0.0005235237 0.0004500659 -0.0001135375 0.0000452813 0.0000127302 0.0000087860 -0.0000134286 -0.0000163425 -0.0000056547 0.0000136638 0.0000031730 0.0000019853 0.7406062097 -1.3534791686 0.1250007394 5.7057188143 11.4261374447 9.2022924675 0.6018563834 0.4703403289 -0.3697257627 -0.3059462934
-0.9130727689 0.0016816152 0.0025228989 -0.0016082641 0.0014424639 0.0004663781 0.0004067981 -0.0000908848 0.0000353823 0.0000102377 0.0000074961 -0.0000096603 -0.0000138099 -0.0000047019 0.0000107219 0.0000026606 0.0000016526 0.6328254556 -1.3631037187 0.1295209188 5.0473611861 12.0791614123 9.2136670595 0.5581291895 0.4537897564 -0.2964288149 -0.2867311540
-0.9316644025 0.0010159475 0.0025552618 -0.0016402280 0.0013713965 0.0004143920 0.0003669987 -0.0000724238 0.0000277173 0.0000076734 0.0000060252 -0.0000064243 -0.0000110746 -0.0000035971 0.0000085798 0.0000021296 0.0000012589 0.5356662168 -1.3101522006 0.1061276938 4.4756286180 12.2978658360 8.6356992833 0.4799044641 0.4176044141 -0.2167150412 -0.2498221658
-0.9502560361 0.0005047156 0.0025855752 -0.0016731844 0.0013159900 0.0003685496 0.0003337509 -0.0000579109 0.0000229609 0.0000054091 0.0000048251 -0.0000041019 -0.0000086165 -0.0000029069 0.0000072156 0.0000016445 0.0000009941 0.4729875768 -1.2166071319 0.0396701763 4.0978056264 12.0314999111 8.2944188234 0.3850330030 0.3788724544 -0.1495177060 -0.2292658590
-0.9688476697 0.0001417931 0.0026039273 -0.0016745841 0.0012733805 0.0003290370 0.0003088098 -0.0000481082 0.0000205916 0.0000038573 0.0000039665 -0.0000028561 -0.0000066850 -0.0000023528 0.0000064223 0.0000012567 0.0000008567 0.4468350139 -1.1136941008 0.0263726744 3.9088485619 11.4452895086 8.3706452871 0.3093358126 0.3443085423 -0.1109608437 -0.2042032661
-0.9874393033 -0.0001480559 0.0026160528 -0.0016545944 0.0012372444 0.0002959759 0.0002872643 -0.0000413327 0.0000188980 0.0000028753 0.0000031404 -0.0000021758 -0.0000053882 -0.0000017579 0.0000057927 0.0000009901 0.0000006821 0.4298647983 -1.0468544120 0.0602757217 3.7476432627 11.0895156162 7.8144705447 0.2601877673 0.2996047109 -0.0908318231 -0.1656109371
-1.0060309369 -0.0003727150 0.0026217860 -0.0016457058 0.0012054705 0.0002683484 0.0002678319 -0.0000353792 0.0000168274 0.0000021432 0.0000022824 -0.0000016436 -0.0000043719 -0.0000011222 0.0000051626 0.0000007940 0.0000005509 0.3997936145 -0.9716569619 0.1328858170 3.5337787747 10.6548711479 7.4166891495 0.2170602815 0.2396866268 -0.0738429782 -0.1151592168
-1.0246225704 -0.0005340005 0.0026172600 -0.0016371549 0.0011789999 0.0002445836 0.0002526300 -0.0000302407 0.0000149207 0.0000015416 0.0000016632 -0.0000011456 -0.0000034899 -0.0000007902 0.0000046940 0.0000006544 0.0000004301 0.3678748949 -0.8700003244 0.1995499956 3.3709031104 10.2074895730 6.5837466858 0.1722145643 0.1894230257 -0.0542551480 -0.0881719637
-1.0432142040 -0.0006598466 0.0025974814 -0.0016540821 0.0011585924 0.0002249808 0.0002411641 -0.0000261655 0.0000136690 0.0000010518 0.0000013754 -0.0000007803 -0.0000029428 -0.0000007096 0.0000044378 0.0000005864 0.0000004021 0.3465284701 -0.8044326839 0.2085771745 3.3034293044 10.3553053927 6.7612508859 0.1283846503 0.1663912402 -0.0383460368 -0.0840218094
-1.0618058376 -0.0007499574 0.0025537924 -0.0016537779 0.0011420254 0.0002065897 0.0002311750 -0.0000237676 0.0000130952 0.0000007744 0.0000012965 -0.0000003441 -0.0000023723 -0.0000005402 0.0000042584 0.0000004909 0.0000004265 0.3393734905 -0.7206341996 0.2150031980 3.2634742590 10.0505513166 7.3748847932 0.1052968281 0.1658140382 -0.0157398525 -0.0665331228
-1.0803974712 -0.0007859158 0.0024992855 -0.0016256210 0.0011290926 0.0001892160 0.0002219898 -0.0000203056 0.0000128793 0.0000004742 0.0000012210 -0.0000000341 -0.0000019861 -0.0000005620 0.0000041311 0.0000004131 0.0000004460 0.3395274371 -0.6847489838 0.1978918269 3.2402958662 10.0098338317 8.0867757465 0.0740798445 0.1632149825 0.0019368921 -0.0724549158
-1.0989891048 -0.0007858873 0.0024668082 -0.0015599842 0.0011182047 0.0001727456 0.0002119035 -0.0000176086 0.0000129338 0.0000003797 0.0000012277 0.0000002465 -0.0000014580 -0.0000003316 0.0000040232 0.0000003099 0.0000003394 0.3459881105 -0.5800919441 0.2356693897 3.2194532460 9.0470599623 7.0177021258 0.0663330304 0.1708777013 0.0199064946 -0.0460056582
-1.1175807384 -0.0007661901 0.0024549225 -0.0014600352 0.0011076485 0.0001584546 0.0002022100 -0.0000167506 0.0000130275 0.0000003482 0.0000012153 0.0000003751 -0.0000011464 -0.0000002108 0.0000039028 0.0000002345 0.0000002724 0.3536115039 -0.5217488119 0.3206389988 3.1849994997 8.2942993108 6.3181816592 0.0665483055 0.1791258593 0.0293398926 -0.0300000228
-1.1361723720 -0.0007485102 0.0024430721 -0.0014080649 0.0010964289 0.0001462985 0.0001925327 -0.0000165083 0.0000130149 0.0000003608 0.0000011289 0.0000003855 -0.0000009279 -0.0000001509 0.0000037743 0.0000001832 0.0000001900 0.3587278794 -0.4799581854 0.3098008286 3.1444505841 7.7674561447 5.0621971024 0.0745414521 0.1770149974 0.0311049494 -0.0227869875
-1.1547640056 -0.0007168591 0.0024109656 -0.0013800005 0.0010862052 0.0001363827 0.0001861309 -0.0000158903 0.0000129448 0.0000003584 0.0000011487 0.0000004287 -0.0000007351 -0.0000001313 0.0000036595 0.0000001572 0.0000001611 0.3618592483 -0.4248399640 0.2722908521 3.1062149274 7.7619971759 4.6090019297 0.0801899652 0.1874813585 0.0354202970 -0.0210430565
-1.1733556392 -0.0006476846 0.0023606183 -0.0013315841 0.0010784813 0.0001280485 0.0001809569 -0.0000151216 0.0000128881 0.0000003017 0.0000011404 0.0000004997 -0.0000005538 -0.0000001249 0.0000035673 0.0000001338 0.0000001457 0.3642267340 -0.3536374412 0.2528075114 3.0713067529 7.5777635397 4.4304517628 0.0728573741 0.1922437893 0.0420719057 -0.0208461602
-1.1919472728 -0.0005555182 0.0023086349 -0.0012212429 0.0010727736 0.0001206124 0.0001756032 -0.0000144078 0.0000127698 0.0000002339 0.0000010998 0.0000005707 -0.0000004123 -0.0000001248 0.0000034944 0.0000001063 0.0000001363 0.3637676396 -0.2864845935 0.2686859559 3.0404349089 6.8262121159 4.3949099221 0.0607658234 0.1910889362 0.0492390261 -0.0214572816
-1.2105389064 -0.0004730713 0.0022630660 -0.0011591143 0.0010680072 0.0001140801 0.0001707525 -0.0000142418 0.0000126698 0.0000001901 0.0000010589 0.0000006039 -0.0000003187 -0.0000001165 0.0000034502 0.0000000812 0.0000001321 0.3633270846 -0.2410794124 0.2802928240 3.0288229851 5.8907026884 4.4909962894 0.0523644812 0.1895421114 0.0536677238 -0.0205985147
-1.2291305400 -0.0004094637 0.0022252959 -0.0011572553 0.0010634934 0.0001083404 0.0001666061 -0.0000143277 0.0000126423 0.0000001603 0.0000010071 0.0000006372 -0.0000002417 -0.0000000717 0.0000034174 0.0000000616 0.0000001231 0.3648950861 -0.2013718808 0.2889547063 3.0257015460 5.0590808814 4.4318866956 0.0462064776 0.1855137636 0.0582696725 -0.0133967001
-1.2477221735 -0.0003533154 0.0021886974 -0.0011430444 0.0010589183 0.0001033435 0.0001648778 -0.0000141891 0.0000126515 0.0000001406 0.0000009821 0.0000006851 -0.0000001888 -0.0000000596 0.0000033804 0.0000000510 0.0000001197 0.3676230698 -0.1719164678 0.3066464619 3.0191227040 4.6687069775 4.4061256699 0.0421809188 0.1830680370 0.0642915854 -0.0114802885
-1.2663138071 -0.0002854735 0.0021536460 -0.0010877593 0.0010535787 0.0000990054 0.0001631540 -0.0000135826 0.0000125866 0.0000001216 0.0000009746 0.0000007423 -0.0000001517 -0.0000000490 0.0000033355 0.0000000443 0.0000001179 0.3686307052 -0.1477996841 0.3286712401 3.0096035305 4.4375163842 4.4271168630 0.0382085619 0.1842685377 0.0713455813 -0.0095832802
-1.2849054407 -0.0002131047 0.0021184860 -0.0010187060 0.0010480503 0.0000950478 0.0001604877 -0.0000127483 0.0000125465 0.0000000901 0.0000009743 0.0000007963 -0.0000001103 -0.0000000029 0.0000032920 0.0000000388 0.0000001109 0.3705110474 -0.1149181501 0.3392317097 3.0022335971 4.2327245281 4.3050415128 0.0298288001 0.1880064678 0.0782909437 -0.0007768143
-1.3034970743 -0.0001308199 0.0020902614 -0.0009537819 0.0010430906 0.0000910836 0.0001575881 -0.0000124722 0.0000126037 0.0000000526 0.0000009781 0.0000008257 -0.0000000853 0.0000000215 0.0000032501 0.0000000332 0.0000001064 0.3749665603 -0.0950855768 0.3467462934 2.9924903545 3.9612800897 4.2589451304 0.0187176825 0.1927878976 0.0831624380 0.0040210520
-1.3220887079 -0.0000480755 0.0020656533 -0.0009014727 0.0010397659 0.0000876500 0.0001549949 -0.0000124310 0.0000127102 0.0000000343 0.0000009578 0.0000008372 -0.0000000577 0.0000000342 0.0000032203 0.0000000290 0.0000001029 0.3799448727 -0.0700546335 0.3812569598 2.9839550100 3.7630537512 4.2468633079 0.0128079057 0.1923164939 0.0861484309 0.0065355984
-1.3406803415 0.0000319662 0.0020396729 -0.0008634174 0.0010374315 0.0000847563 0.0001525122 -0.0000123464 0.0000127755 0.0000000202 0.0000009148 0.0000008464 -0.0000000453 0.0000000355 0.0000032053 0.0000000262 0.0000001038 0.3831365789 -0.0595604282 0.4131199733 2.9831945439 3.6501320993 4.4249512764 0.0078333935 0.1871735891 0.0887323706 0.0069932107
-1.3592719751 0.0001112616 0.0020117065 -0.0008347952 0.0010350367 0.0000822923 0.0001507356 -0.0000120697 0.0000127813 0.0000000119 0.0000008990 0.0000008494 -0.0000000374 0.0000000405 0.0000031882 0.0000000245 0.0000001049 0.3845529219 -0.0527829257 0.4245549202 2.9809488848 3.6211350891 4.4964683595 0.0048037754 0.1870971076 0.0905588268 0.0079648387
-1.3778636087 0.0001915480 0.0019800512 -0.0007986658 0.0010318422 0.0000799924 0.0001492897 -0.0000119644 0.0000127843 0.0000000205 0.0000009413 0.0000008576 -0.0000000246 0.0000000305 0.0000031581 0.0000000236 0.0000000893 0.3863480675 -0.0389530555 0.3910603000 2.9713629330 3.6558711475 3.9938148342 0.0079412680 0.1973479076 0.0929839275 0.0063450192
-1.3964552423 0.0002842634 0.0019481978 -0.0007561882 0.0010292066 0.0000776238 0.0001483719 -0.0000119411 0.0000128005 0.0000000179 0.0000009374 0.0000008711 -0.0000000193 0.0000000287 0.0000031331 0.0000000219 0.0000000862 0.3883485721 -0.0316786099 0.3976484486 2.9631184969 3.6019007094 3.9128269351 0.0071289681 0.1976674694 0.0961115023 0.0058845862
-1.4150468759 0.0003731768 0.0019131225 -0.0006969559 0.0010279766 0.0000751998 0.0001467823 -0.0000119060 0.0000127601 0.0000000007 0.0000009160 0.0000008770 -0.0000000151 0.0000000251 0.0000031179 0.0000000199 0.0000000844 0.3879023951 -0.0238426755 0.3828067096 2.9560053028 3.5191770703 3.9162118107 0.0005790030 0.1953639192 0.0985008161 0.0051587359
-1.4336385095 0.0004480366 0.0018686063 -0.0006412533 0.0010268845 0.0000729570 0.0001463290 -0.0000115332 0.0000127401 -0.0000000077 0.0000008824 0.0000008892 -0.0000000086 0.0000000270 0.0000031068 0.0000000186 0.0000000840 0.3879146991 -0.0137280745 0.3767582639 2.9517132813 3.4919887622 3.9070932826 -0.0031517032 0.1887795510 0.1014843616 0.0057363563
-1.4522301430 0.0005247992 0.0018179754 -0.0006029580 0.0010246514 0.0000710520 0.0001458963 -0.0000111324 0.0000127834 -0.0000000128 0.0000008782 0.0000008971 -0.0000000065 0.0000000291 0.0000030917 0.0000000176 0.0000000841 0.3904606166 -0.0110639541 0.3909876226 2.9500743288 3.4847994490 3.9277505203 -0.0054351023 0.1886483451 0.1038918166 0.0060513458
-1.4708217766 0.0006168833 0.0017752503 -0.0005721288 0.0010218553 0.0000694394 0.0001450682 -0.0000107713 0.0000128174 -0.0000000159 0.0000008869 0.0000008928 -0.0000000022 0.0000000242 0.0000030716 0.0000000168 0.0000000815 0.3931403799 -0.0055071306 0.3999510824 2.9468042910 3.4820095581 3.8678769779 -0.0068768437 0.1923040648 0.1048143389 0.0050869004
-1.4894134102 0.0007156599 0.0017480795 -0.0005173036 0.0010199577 0.0000678003 0.0001446172 -0.0000106297 0.0000128226 -0.0000000204 0.0000009064 0.0000008711 0.0000000057 0.0000000391 0.0000030572 0.0000000160 0.0000000839 0.3944605476 0.0070844807 0.4156762188 2.9438996889 3.4793814891 4.0058108973 -0.0090411590 0.1971525466 0.1036898618 0.0085048457
-1.5080050438 0.0008044162 0.0017196729 -0.0004475791 0.0010195426 0.0000661320 0.0001429043 -0.0000109009 0.0000127755 -0.0000000253 0.0000008777 0.0000008495 0.0000000123 0.0000000544 0.0000030498 0.0000000152 0.0000000828 0.3932666547 0.0190297292 0.4314061603 2.9388861032 3.4734495154 4.0610927275 -0.0116064177 0.1927329522 0.1024380344 0.0121815555
-1.5265966774 0.0008833871 0.0016914828 -0.0003987079 0.0010190366 0.0000644906 0.0001414854 -0.0000112152 0.0000126907 -0.0000000236 0.0000008637 0.0000008404 0.0000000151 0.0000000441 0.0000030400 0.0000000144 0.0000000787 0.3909997420 0.0246091850 0.4033567383 2.9322675666 3.4591618970 3.9274006108 -0.0110675149 0.1917493346 0.1026552770 0.0099183093
-1.5451883110 0.0009535859 0.0016683494 -0.0003379139 0.0010173529 0.0000629983 0.0001416545 -0.0000108858 0.0000126356 -0.0000000182 0.0000008714 0.0000008337 0.0000000131 0.0000000305 0.0000030230 0.0000000137 0.0000000848 0.3903018819 0.0213413683 0.3813698819 2.9256203440 3.4399004862 4.1925125841 -0.0086432444 0.1932708264 0.1031981491 0.0069076607
-1.5637799446 0.0010314323 0.0016411532 -0.0002711365 0.0010162849 0.0000617414 0.0001416603 -0.0000103911 0.0000125430 -0.0000000177 0.0000008551 0.0000008376 0.0000000133 0.0000000277 0.0000030088 0.0000000132 0.0000000829 0.3879603773 0.0232872446 0.3777115483 2.9180579594 3.4608489678 4.1156493334 -0.0086641272 0.1894856614 0.1048331123 0.0062482232
-1.5823715782 0.0011192776 0.0016084162 -0.0002207700 0.0010164592 0.0000605196 0.0001411403 -0.0000102972 0.0000124401 -0.0000000249 0.0000008408 0.0000008401 0.0000000149 0.0000000296 0.0000030003 0.0000000127 0.0000000789 0.3845962438 0.0287047802 0.3960772510 2.9087412704 3.4588518950 3.9457302182 -0.0127725612 0.1872411820 0.1061674200 0.0064971735
-1.6009632118 0.0012130676 0.0015702369 -0.0001775153 0.0010168678 0.0000592637 0.0001398172 -0.0000103325 0.0000123640 -0.0000000352 0.0000008372 0.0000008258 0.0000000192 0.0000000338 0.0000029953 0.0000000122 0.0000000775 0.3820089711 0.0394812737 0.4108448150 2.9016435963 3.4620444945 3.9340170673 -0.0186299914 0.1885510015 0.1054354434 0.0075517646
-1.6195548454 0.0013019985 0.0015278968 -0.0001522657 0.0010166903 0.0000579291 0.0001388816 -0.0000103633 0.0000123189 -0.0000000401 0.0000008385 0.0000008157 0.0000000223 0.0000000415 0.0000029919 0.0000000116 0.0000000753 0.3807455513 0.0479248847 0.4271541974 2.8995281895 3.4600878400 3.8810677650 -0.0217623668 0.1900743736 0.1054030045 0.0094221936
-1.6381464790 0.0013886399 0.0014938366 -0.0001178824 0.0010154057 0.0000567987 0.0001383911 -0.0000101513 0.0000123135 -0.0000000382 0.0000008560 0.0000008134 0.0000000225 0.0000000421 0.0000029865 0.0000000112 0.0000000761 0.3812938130 0.0495053194 0.4441345298 2.9016883199 3.4486225086 3.9608884109 -0.0211970127 0.1948496465 0.1062933498 0.0098579100
-1.6567381126 0.0014772041 0.0014709400 -0.0000443908 0.0010140953 0.0000558260 0.0001381062 -0.0000099119 0.0000123253 -0.0000000322 0.0000008557 0.0000008091 0.0000000225 0.0000000416 0.0000029752 0.0000000108 0.0000000769 0.3823222887 0.0513458801 0.4251475537 2.8979491154 3.4462179618 4.0287788799 -0.0181215304 0.1952089517 0.1067276612 0.0097511831
-1.6753297461 0.0015520960 0.0014446339 -0.0000033975 0.0010131350 0.0000548836 0.0001375732 -0.0000099523 0.0000123023 -0.0000000289 0.0000008527 0.0000008031 0.0000000211 0.0000000415 0.0000029647 0.0000000104 0.0000000774 0.3820797175 0.0497136579 0.3781838898 2.8928826563 3.4274287145 4.0798357138 -0.0163664225 0.1949387701 0.1068950960 0.0095232916
-1.6939213797 0.0016378228 0.0014061573 0.0000177337 0.0010124283 0.0000538968 0.0001360995 -0.0000101907 0.0000122007 -0.0000000321 0.0000008424 0.0000008027 0.0000000221 0.0000000431 0.0000029501 0.0000000099 0.0000000737 0.3793642702 0.0531718068 0.3748577022 2.8826524021 3.4032048821 3.9557745358 -0.0184307403 0.1946956013 0.1078815954 0.0100285204
-1.7125130133 0.0017335580 0.0013709983 0.0000227394 0.0010120422 0.0000529417 0.0001341864 -0.0000101133 0.0000121238 -0.0000000395 0.0000008200 0.0000008008 0.0000000234 0.0000000471 0.0000029379 0.0000000095 0.0000000702 0.3773702600 0.0574512827 0.4075541914 2.8731402012 3.3825723126 3.8843277584 -0.0230874600 0.1921023619 0.1086782489 0.0110269573
-1.7311046469 0.0018274509 0.0013447844 0.0000306445 0.0010121600 0.0000520874 0.0001334462 -0.0000097248 0.0000121067 -0.0000000456 0.0000008121 0.0000007909 0.0000000245 0.0000000377 0.0000029369 0.0000000092 0.0000000695 0.3769127522 0.0624065253 0.4179337322 2.8716711612 3.3703606901 3.8904631816 -0.0270419256 0.1915748218 0.1082725537 0.0087687558
-1.7496962805 0.0019122097 0.0013172299 0.0000518257 0.0010120715 0.0000510042 0.0001335766 -0.0000093514 0.0000120902 -0.0000000428 0.0000008207 0.0000007766 0.0000000258 0.0000000346 0.0000029376 0.0000000088 0.0000000700 0.3764109394 0.0681850785 0.4161790878 2.8730256869 3.3757207980 3.9092837259 -0.0259094236 0.1938094739 0.1074854773 0.0079246921
-1.7682879141 0.0020044388 0.0012853333 0.0000954251 0.0010106877 0.0000498321 0.0001337552 -0.0000094370 0.0000120770 -0.0000000399 0.0000008240 0.0000007579 0.0000000254 0.0000000374 0.0000029338 0.0000000084 0.0000000691 0.3766617497 0.0690985044 0.4165813667 2.8772330995 3.3871900006 3.8521748275 -0.0249125790 0.1943614310 0.1062312135 0.0086460901
-1.7868795477 0.0021046950 0.0012466855 0.0001395289 0.0010090174 0.0000487861 0.0001326264 -0.0000101467 0.0000119874 -0.0000000432 0.0000007939 0.0000007390 0.0000000259 0.0000000349 0.0000029265 0.0000000081 0.0000000689 0.3747231875 0.0714231507 0.4173099365 2.8797606538 3.3906646606 3.9055218968 -0.0277992816 0.1888675856 0.1047614311 0.0082292336
-1.8054711813 0.0021809095 0.0012045172 0.0001643293 0.0010075699 0.0000480688 0.0001309171 -0.0000105961 0.0000118612 -0.0000000473 0.0000007731 0.0000007390 0.0000000281 0.0000000303 0.0000029179 0.0000000079 0.0000000685 0.3715530378 0.0790453115 0.4078772197 2.8793884769 3.3926066519 3.9841032850 -0.0309165149 0.1869336219 0.1055882721 0.0074470048
-1.8240628149 0.0022419678 0.0011737244 0.0001789872 0.0010064293 0.0000476722 0.0001299881 -0.0000106627 0.0000118051 -0.0000000525 0.0000007589 0.0000007495 0.0000000289 0.0000000299 0.0000029108 0.0000000078 0.0000000683 0.3704131615 0.0838089834 0.3908843274 2.8787806419 3.3960075279 4.0139102658 -0.0344284273 0.1850262491 0.1076305591 0.0072446808
-1.8426544485 0.0023083867 0.0011528606 0.0001894813 0.0010060769 0.0000471394 0.0001297760 -0.0000107741 0.0000117828 -0.0000000608 0.0000007626 0.0000007597 0.0000000262 0.0000000348 0.0000029058 0.0000000076 0.0000000671 0.3698344749 0.0789045855 0.3868296622 2.8757342746 3.4120827233 3.9531034473 -0.0401911010 0.1861570537 0.1098269498 0.0084341935
-1.8612460821 0.0023894591 0.0011339875 0.0002105866 0.0010063288 0.0000463843 0.0001296483 -0.0000109264 0.0000117612 -0.0000000684 0.0000007607 0.0000007665 0.0000000223 0.0000000306 0.0000028980 0.0000000074 0.0000000661 0.3689840728 0.0694153056 0.3899463912 2.8665249201 3.4436140316 3.9197277914 -0.0460956059 0.1858540110 0.1117659862 0.0073485759
-1.8798377157 0.0024742567 0.0011162242 0.0002559806 0.0010055504 0.0000455932 0.0001296332 -0.0000111158 0.0000117552 -0.0000000727 0.0000007618 0.0000007620 0.0000000216 0.0000000176 0.0000028837 0.0000000072 0.0000000830 0.3692516269 0.0685365045 0.3489289639 2.8570203939 3.4640443542 4.8489705317 -0.0498184625 0.1856805665 0.1122218222 0.0043418989
-1.8984293492 0.0025679671 0.0010998059 0.0003071771 0.0010051886 0.0000448475 0.0001292955 -0.0000109942 0.0000117880 -0.0000000698 0.0000007944 0.0000007540 0.0000000226 0.0000000068 0.0000028793 0.0000000070 0.0000001041 0.3704450474 0.0732783340 0.2962797244 2.8544999263 3.4847729221 5.8757641253 -0.0485055221 0.1937738682 0.1120437871 0.0018013443
-1.9170209828 0.0026685743 0.0010852124 0.0003552324 0.0010056590 0.0000442408 0.0001285640 -0.0000107198 0.0000117811 -0.0000000690 0.0000008511 0.0000007506 0.0000000219 0.0000000112 0.0000028925 0.0000000068 0.0000000965 0.3698707495 0.0737420684 0.3103912815 2.8644995851 3.4428529278 5.5802881263 -0.0485801267 0.2080159098 0.1122517185 0.0028835696
-1.9356126164 0.0027726554 0.0010720517 0.0003958734 0.0010060667 0.0000437168 0.0001280587 -0.0000105275 0.0000117282 -0.0000000723 0.0000008013 0.0000007304 0.0000000221 0.0000000237 0.0000028998 0.0000000066 0.0000000749 0.3679533550 0.0762240825 0.4025296836 2.8693071983 3.4244398976 4.4597255928 -0.0516363327 0.1976454169 0.1098093924 0.0058485309
-1.9542042500 0.0028667092 0.0010510339 0.0004196034 0.0010061721 0.0000431944 0.0001264546 -0.0000102217 0.0000116925 -0.0000000744 0.0000007373 0.0000007200 0.0000000229 0.0000000323 0.0000028934 0.0000000063 0.0000000628 0.3668211057 0.0809814573 0.4057647347 2.8626126776 3.3832757741 3.8965323113 -0.0537034683 0.1848208383 0.1088715763 0.0078396267
-1.9727958836 0.0029472167 0.0010283485 0.0004287437 0.0010060058 0.0000427175 0.0001249751 -0.0000097491 0.0000116360 -0.0000000743 0.0000007151 0.0000007310 0.0000000226 0.0000000355 0.0000028807 0.0000000061 0.0000000615 0.3652071037 0.0806722723 0.3948916551 2.8513653313 3.3580667432 3.8773037959 -0.0541634588 0.1819430840 0.1111792934 0.0085384101
-1.9913875172 0.0030233580 0.0010049330 0.0004604059 0.0010056102 0.0000421364 0.0001257021 -0.0000097404 0.0000116125 -0.0000000742 0.0000007108 0.0000007276 0.0000000218 0.0000000326 0.0000028728 0.0000000060 0.0000000619 0.3646757078 0.0791655450 0.4038498707 2.8459960287 3.3645924518 3.8715806773 -0.0549623393 0.1804043412 0.1114334647 0.0077759444
-2.0099791508 0.0030986910 0.0009700671 0.0004992965 0.0010050320 0.0000413911 0.0001253361 -0.0000100256 0.0000116329 -0.0000000748 0.0000006888 0.0000007179 0.0000000236 0.0000000313 0.0000028689 0.0000000058 0.0000000619 0.3655959400 0.0879548229 0.4211938766 2.8451869836 3.3882401480 3.9343025041 -0.0566885432 0.1745321137 0.1109653859 0.0076080127
-2.0285707844 0.0031833800 0.0009265910 0.0005361805 0.0010046073 0.0000407799 0.0001238656 -0.0000100520 0.0000115945 -0.0000000728 0.0000006835 0.0000007112 0.0000000272 0.0000000322 0.0000028645 0.0000000057 0.0000000611 0.3647118836 0.1031211379 0.4174093068 2.8433876665 3.4367740370 4.0087843664 -0.0558524934 0.1747324299 0.1107972322 0.0079866153
-2.0471624180 0.0032733374 0.0008929857 0.0005559653 0.0010044454 0.0000403652 0.0001238538 -0.0000102170 0.0000115003 -0.0000000688 0.0000006992 0.0000006993 0.0000000296 0.0000000299 0.0000028584 0.0000000056 0.0000000648 0.3620717163 0.1141961615 0.4290745662 2.8389192197 3.4472893181 4.2382676218 -0.0531257968 0.1790518212 0.1095369101 0.0074650470
-2.0657540516 0.0033614695 0.0008730056 0.0005688340 0.0010044459 0.0000400143 0.0001244514 -0.0000107713 0.0000114191 -0.0000000719 0.0000007058 0.0000006772 0.0000000291 0.0000000360 0.0000028545 0.0000000055 0.0000000655 0.3597267154 0.1142584602 0.4163939758 2.8353562786 3.4400674848 4.2089088508 -0.0559582405 0.1800862286 0.1065377789 0.0092386304
-2.0843456852 0.0034440478 0.0008562857 0.0005678851 0.0010051834 0.0000397238 0.0001247854 -0.0000115309 0.0000113890 -0.0000000767 0.0000006878 0.0000006597 0.0000000370 0.0000000403 0.0000028577 0.0000000066 0.0000000640 0.3583856824 0.1408804393 0.4258624060 2.8342131819 4.0186248332 4.1052798419 -0.0601502847 0.1746192342 0.1040353651 0.0103738387
