# Kim, K. U., Elliott, G. S., and Dutton, J. C., “A Three-Dimensional Experimental Study of Compressibility Effects on Turbulent Free Shear Layers,” AIAA Aviation Conference, Atlanta, GA, 2018.
# This work was funded by the NASA Aeronautics Mission Directorate's Transformative Aeronautics Concepts Program, Transformational Tools and Technologies Project; Grant Number NNX15AU94A.
VARIABLES = "(y-y0)/b", "(U-U2)/dU", "V/dU", "W/dU", "<u'^2>/dU^2", "<v'^2>/dU^2", "<w'^2>/dU^2", "<u'v'>/dU^2", "<u'^3>/dU^3", "<u'v'^2>/dU^3", "<u'w'^2>/dU^3", "<v'u'^2>/dU^3", "<v'^3>/dU^3", "<v'w'^2>/dU^3", "<u'^4>/dU^4", "<v'^4>/dU^4", "<w'^4>/dU^4", "u_skewness", "v_skewness", "w_skewness", "u_kurtosis", "v_kurtosis", "w_kurtosis", "<u'v'^2>/(<u'^2>^(1/2)<v'^2>)", "<u'w'^2>/(<u'^2>^(1/2)<w'^2>)", "<v'u'^2>/(<v'^2>^(1/2)<u'^2>)", "<v'w'^2>/(<v'^2>^(1/2)<w'^2>)"
ZONE T="Frame 0", I=228, J=1, F=POINT
2.1583457456 0.9832791332 -0.0087748774 0.0022905085 0.0002027514 0.0001575317 0.0001818795 0.0000321621 0.0000000001 -0.0000008716 -0.0000050184 0.0000009920 0.0000021162 0.0000075833 0.0000013992 0.0000021457 0.0000479874 0.0557126410 0.3178125603 1.3753109203 27.9371728897 53.2594705700 485.2585430061 -0.3215774835 -0.8606578117 0.3684472405 1.8784700668
2.1415867448 0.9833149787 -0.0090543857 0.0024359738 0.0002061341 0.0001775436 0.0001811964 0.0000302060 -0.0000001671 -0.0000024096 -0.0000101833 -0.0000001811 0.0000014728 0.0000053284 0.0000020881 0.0000068937 0.0000353091 -0.0944618145 -0.5794912039 4.6699891601 40.8286734586 91.0394253076 497.7887189329 -0.5147651879 -2.1735654630 -0.0303242895 0.9501706228
2.1248277440 0.9833864638 -0.0093045009 0.0025431253 0.0002100484 0.0001875577 0.0001811634 0.0000279402 0.0000019058 0.0000011837 -0.0000062483 -0.0000008476 -0.0000029823 0.0000057830 0.0000031558 0.0000041340 0.0000399784 0.5285835132 -1.0757225568 3.2905659442 50.7142307391 69.7063138929 486.0231300758 0.2185158853 -1.7774379923 -0.1720524292 1.8519250642
2.1080687433 0.9834832016 -0.0095448122 0.0025674393 0.0002070487 0.0001931528 0.0001958709 0.0000379949 0.0000002322 0.0000008402 -0.0000033197 -0.0000001590 -0.0000027596 0.0000008036 0.0000017831 0.0000032041 0.0000570695 0.2513050771 -1.0288414495 2.4208820869 33.9525429011 48.5841320494 540.8360684398 0.1268802094 -1.2398041148 0.0311607389 0.6064551821
2.0913097425 0.9835885857 -0.0097988590 0.0025593593 0.0002045689 0.0001971096 0.0001734195 0.0000459838 0.0000011741 -0.0000006175 -0.0000006700 0.0000006863 0.0000004079 0.0000062672 0.0000012666 0.0000029760 0.0000355691 0.4407747808 -0.4816271864 2.9052357524 26.9318419551 42.1607504203 368.3989976361 -0.1919510612 -0.8071279335 0.2464051013 1.4998360284
2.0745507418 0.9836982169 -0.0100708287 0.0025540890 0.0002064685 0.0002040586 0.0001509759 0.0000533492 0.0000004463 -0.0000004066 -0.0000012690 0.0000012860 -0.0000020426 0.0000015312 0.0000017458 0.0000014305 0.0000237007 0.3698201353 -0.9457049860 1.4495315955 34.3665451188 21.2650478380 329.9835515413 -0.1342625323 0.1424141350 0.4119351006 0.5556403667
2.0577917410 0.9838190230 -0.0103228500 0.0025708321 0.0002053773 0.0002170771 0.0001603242 0.0000585167 0.0000011664 -0.0000000354 -0.0000012817 0.0000008904 -0.0000035313 0.0000011901 0.0000014529 0.0000007181 0.0000298382 0.6002696833 -1.0912087356 3.5279186426 27.2759977086 14.6658510047 343.7963681334 -0.0100028808 0.0173356386 0.2998434309 0.7008353585
2.0410327402 0.9839443557 -0.0105710069 0.0026545959 0.0002034366 0.0002311743 0.0001496705 0.0000650117 0.0000003810 -0.0000002630 -0.0000062641 0.0000007769 -0.0000031632 0.0000011903 0.0000011496 0.0000008774 0.0000217211 0.3306937012 -0.8980720789 6.0060606661 20.1081269505 15.8519970705 318.1748462976 -0.0645514330 -1.1534700778 0.2647246468 0.6775564989
2.0242737395 0.9840676450 -0.0107765504 0.0027518322 0.0002096011 0.0002521429 0.0001816258 0.0000693196 -0.0000000114 -0.0000005835 -0.0000098510 0.0000020740 -0.0000008451 0.0000097231 0.0000024248 0.0000016550 0.0000562355 0.3415816484 -0.3246374867 3.7304497627 34.6273688944 21.7379600663 428.7431513678 -0.1396307912 -0.0915171639 0.5842104472 2.0062273547
2.0075147387 0.9842133013 -0.0110001748 0.0028013738 0.0002123993 0.0002788544 0.0001841979 0.0000795502 0.0000028643 0.0000012323 0.0000020202 0.0000022292 0.0000027402 0.0000081911 0.0000016991 0.0000037067 0.0000323274 0.8941485164 0.2491217291 0.8976697670 31.7227902449 35.9970745929 498.3972513080 0.2471128652 0.4056199134 0.5816267818 2.3005698682
1.9907557379 0.9843407535 -0.0112300154 0.0029087122 0.0002136533 0.0002976694 0.0001760205 0.0000816385 0.0000005119 0.0000001346 -0.0000068739 0.0000019377 0.0000065994 0.0000052033 0.0000018337 0.0000070438 0.0000281721 0.3178163179 0.5270893294 3.9948528612 30.0835736196 49.0296708983 432.7847731686 -0.0188804445 -1.6380547746 0.4827038829 1.6065049899
1.9739967372 0.9845185808 -0.0114798672 0.0029981496 0.0002082097 0.0003090328 0.0001563142 0.0000860327 0.0000017271 -0.0000009588 -0.0000013831 0.0000015347 0.0000032940 0.0000012667 0.0000010446 0.0000061869 0.0000209721 0.5903189609 0.1234151334 1.3369969783 17.2103395256 41.6306918261 325.4403703144 -0.1505698629 -0.5418704423 0.4215691351 0.7967744457
1.9572377364 0.9846811662 -0.0117487606 0.0031078864 0.0002046561 0.0003161810 0.0001581789 0.0000906007 0.0000012889 -0.0000003269 -0.0000044901 0.0000012604 -0.0000013563 0.0000042098 0.0000005557 0.0000027832 0.0000338969 0.5262517546 -0.4647801962 -0.4658647675 12.1876172239 18.8054933663 370.4278813091 -0.0580814738 -1.4833371629 0.3632812826 1.4779500932
1.9404787356 0.9848487504 -0.0120148143 0.0032294761 0.0002091458 0.0003346701 0.0001384973 0.0000907734 -0.0000012310 -0.0000025704 -0.0000043363 0.0000037286 -0.0000025786 0.0000044627 0.0000015975 0.0000022750 0.0000117556 -0.0797752788 -0.5333062731 4.6403697518 25.2790468547 16.3980454819 314.9450540001 -0.3892750218 -1.9724306666 0.8145552893 2.0335823475
1.9237197349 0.9850652685 -0.0122790008 0.0032576098 0.0002080858 0.0003561952 0.0001361812 0.0001039311 0.0000001683 0.0000007532 -0.0000007854 0.0000020182 -0.0000026826 0.0000048351 0.0000011790 0.0000024187 0.0000131084 0.2007556527 -0.5004730038 5.4714612403 20.4003374249 15.8408544588 320.8833560902 0.1187907973 -1.1914794120 0.5151131815 2.4101299042
1.9069607341 0.9852985803 -0.0125522756 0.0032642750 0.0002057989 0.0003790452 0.0001368883 0.0001082093 0.0000002723 0.0000002800 -0.0000069474 0.0000013597 -0.0000016134 0.0000027077 0.0000007966 0.0000034201 0.0000169519 0.1990517555 -0.3645777811 5.0676082137 15.6978806696 18.9394659040 307.3375383323 0.0586227099 -2.3873178671 0.3734215569 1.6694568361
1.8902017334 0.9855878471 -0.0127974322 0.0032851739 0.0002116422 0.0004028473 0.0001502080 0.0001113106 0.0000001649 -0.0000000566 -0.0000081886 0.0000031322 -0.0000017693 0.0000065724 0.0000014460 0.0000041593 0.0000191898 0.2761531446 -0.3921767709 2.9976124295 22.3156534273 19.0252549781 342.7001667811 -0.0098593194 -2.0790930045 0.6747154344 1.7784512739
1.8734427326 0.9858571514 -0.0130346827 0.0033189563 0.0002182000 0.0004204485 0.0001816783 0.0001142757 -0.0000020772 -0.0000006024 -0.0000188246 0.0000032380 -0.0000057927 0.0000101184 0.0000020374 0.0000014507 0.0000412888 -0.3051904400 -0.6843951311 0.7672213207 32.4122770625 8.0095957342 531.5821095595 -0.0732386200 -3.7355328138 0.6992941149 2.2348670889
1.8566837318 0.9861182998 -0.0132560075 0.0033833549 0.0002230398 0.0004522797 0.0002021057 0.0001184149 -0.0000067226 -0.0000021218 -0.0000368019 0.0000042932 -0.0000019458 0.0000154487 0.0000051174 0.0000043522 0.0001115956 -0.8719524086 -0.3580622694 2.9490277413 54.0707646870 15.6890487117 632.7294057130 -0.2365055635 -5.2655699997 0.8360923066 2.6136015160
1.8399247311 0.9864162789 -0.0134826888 0.0034403442 0.0002216219 0.0004763744 0.0001456726 0.0001242292 -0.0000068605 -0.0000034545 -0.0000174009 0.0000041869 -0.0000004864 0.0000139925 0.0000048315 0.0000066790 0.0000355215 -1.1508265295 -0.3060166201 5.2261103230 59.8591287369 18.5850262419 333.7708408118 -0.3293874776 -3.4397957065 0.7465578899 2.4631108592
1.8231657303 0.9867473795 -0.0137152224 0.0034330344 0.0002134368 0.0004975615 0.0001143873 0.0001373919 -0.0000039730 0.0000005452 -0.0000020973 0.0000016587 -0.0000059006 0.0000014479 0.0000038085 0.0000026390 0.0000037119 -0.4626752539 -0.5879244201 3.5817497344 42.9101779658 9.0199438703 159.8658360053 0.0795646720 -0.9110604416 0.3684952705 0.9263639414
1.8064067295 0.9870679737 -0.0139908219 0.0034789766 0.0002138498 0.0005271318 0.0001202635 0.0001435744 -0.0000039969 0.0000006757 0.0000003728 0.0000017034 -0.0000072437 0.0000010167 0.0000046822 0.0000021087 0.0000081248 -0.2366299767 -0.6206002252 2.9905627688 41.6989490618 7.0937395168 226.3635574990 0.0884354614 -0.3144790769 0.3425245501 0.6150280191
1.7896477288 0.9873875821 -0.0142503123 0.0035570748 0.0002071908 0.0005689699 0.0001236333 0.0001484715 0.0000014664 0.0000008451 -0.0000003860 0.0000026449 0.0000002317 0.0000044243 0.0000005747 0.0000067913 0.0000085008 0.5435016694 -0.1204251813 3.2504756459 11.9388731266 16.7295460728 199.4429701340 0.0986678417 -0.3511866798 0.5244433637 1.7434101333
1.7728887280 0.9877161629 -0.0145122522 0.0035664590 0.0002060114 0.0006033615 0.0001282431 0.0001537911 0.0000016202 0.0000011828 -0.0000009083 0.0000021780 0.0000025299 0.0000035611 0.0000005652 0.0000090003 0.0000087042 0.6060900960 -0.0206887446 0.6014571941 11.6507566497 18.6640774111 247.5338164554 0.1153485442 -0.6077739330 0.4297509149 1.6887057772
1.7561297272 0.9880824578 -0.0147720043 0.0035776510 0.0002070532 0.0006262007 0.0001315541 0.0001569520 0.0000026909 0.0000003790 0.0000025245 0.0000019389 -0.0000021262 0.0000026353 0.0000009752 0.0000063769 0.0000128115 0.8495406858 -0.2486379579 -1.6364603744 18.6172930390 12.9768509620 300.6500674129 0.0343542274 0.2141697281 0.3775306524 1.2812322960
1.7393707265 0.9884650627 -0.0150631881 0.0036017468 0.0002020135 0.0006511092 0.0001183386 0.0001622203 0.0000022934 0.0000002327 0.0000012700 0.0000017349 -0.0000074436 0.0000016042 0.0000005892 0.0000033575 0.0000084072 0.7583392159 -0.4830264443 0.3009313224 12.2856097472 7.2108075391 198.6994195752 0.0226405317 -0.2165472681 0.3368811340 0.8324040889
1.7226117257 0.9888200453 -0.0153725929 0.0036807963 0.0002009180 0.0006759994 0.0001353938 0.0001641664 -0.0000002482 -0.0000000243 -0.0000092937 0.0000021073 -0.0000110444 0.0000035408 0.0000008443 0.0000018730 0.0000215629 0.0271909241 -0.6429119907 5.3000533269 16.5535498968 4.0816292145 268.6523844229 -0.0053230082 -2.5963027668 0.3766700098 1.0098203363
1.7058527250 0.9891844623 -0.0156551083 0.0036974456 0.0001985344 0.0007058863 0.0001275123 0.0001691213 -0.0000006686 -0.0000000170 -0.0000090240 0.0000017153 -0.0000122169 0.0000009818 0.0000009368 0.0000019261 0.0000140242 -0.0984363232 -0.6643353908 4.9051229182 18.7688840621 3.8494308365 265.0566869655 -0.0045778004 -2.7421057227 0.3074906282 0.4317297118
1.6890937242 0.9895611221 -0.0159013754 0.0037436619 0.0002014470 0.0007394165 0.0001452052 0.0001706205 -0.0000040687 -0.0000003751 -0.0000216321 0.0000025958 -0.0000122189 0.0000055212 0.0000033353 0.0000022262 0.0000497114 -0.6767009239 -0.6261531373 6.1736780491 42.1660974440 4.0151839129 368.7062608530 -0.0397185802 -3.7013475244 0.4009830573 1.2442528341
1.6723347234 0.9899721588 -0.0161486825 0.0037649597 0.0001987897 0.0007781414 0.0001513042 0.0001737417 -0.0000016815 -0.0000019095 -0.0000156953 0.0000037033 -0.0000101645 0.0000139120 0.0000025513 0.0000037738 0.0000505389 -0.1547862715 -0.5119562471 4.1171136611 35.9300853595 5.6887634101 334.0849169652 -0.1540911385 -2.1515125697 0.5274616197 2.3036801000
1.6555757227 0.9903973924 -0.0164396688 0.0037605180 0.0001941084 0.0008143857 0.0001618782 0.0001790508 0.0000025544 -0.0000013093 0.0000013269 0.0000024321 -0.0000094981 0.0000101314 0.0000012038 0.0000056981 0.0000423639 0.7603066641 -0.4742076531 1.3002892461 22.5457890485 7.1866112741 469.0847790064 -0.1223944580 0.4548008042 0.3708780622 2.3408573169
1.6388167219 0.9907903899 -0.0167674017 0.0037775697 0.0001891974 0.0008343250 0.0001597237 0.0001816255 0.0000008324 -0.0000013008 -0.0000009852 0.0000012852 -0.0000142858 0.0000040723 0.0000007831 0.0000029226 0.0000420259 0.3504875821 -0.6155056262 3.1376235301 17.8111237834 4.1001642063 415.7748605668 -0.1221373677 -0.4312038486 0.2107523756 0.7173092858
1.6220577211 0.9911731617 -0.0170768059 0.0037984288 0.0001925436 0.0008638697 0.0001496989 0.0001890067 -0.0000004887 -0.0000025969 -0.0000032657 -0.0000000869 -0.0000160464 -0.0000007740 0.0000011604 0.0000038390 0.0000217249 -0.1277421250 -0.6533958207 2.2261206339 26.7299943459 4.8587853491 313.6271815298 -0.2181481618 -1.4168552416 -0.0058853796 -0.3432753900
1.6052987204 0.9915629251 -0.0173270387 0.0038337626 0.0001910044 0.0009016667 0.0001419874 0.0001852527 -0.0000013666 -0.0000046967 -0.0000019837 0.0000023854 -0.0000111747 0.0000025213 0.0000019171 0.0000068499 0.0000122384 -0.2140630945 -0.4546079825 2.2031584812 36.4646125881 7.4489895214 275.4451866317 -0.3470110548 -0.9323947007 0.3395022306 1.2736020696
1.5885397196 0.9919726899 -0.0176464707 0.0038103091 0.0001841533 0.0009157243 0.0001441243 0.0001888569 0.0000027985 -0.0000010553 0.0000011829 0.0000019380 -0.0000125967 0.0000082315 0.0000011683 0.0000041083 0.0000216974 0.8032306753 -0.4817120263 -1.6930512053 22.0301282227 4.7977772289 308.4333361640 -0.1079643788 0.0096901899 0.3015985058 2.6649157464
1.5717807189 0.9923806856 -0.0180137348 0.0038898984 0.0001809727 0.0009317594 0.0001560402 0.0001889170 0.0000030823 -0.0000007457 0.0000065282 0.0000012463 -0.0000166110 0.0000011926 0.0000007941 0.0000030822 0.0000398207 1.0235866293 -0.6055841613 1.6044773781 19.2618646160 3.6055204540 307.2040782440 -0.0871483490 1.1506656468 0.1727744687 1.1369616281
1.5550217181 0.9927686906 -0.0183593036 0.0040153844 0.0001841924 0.0009621312 0.0001525875 0.0001933182 0.0000009721 0.0000000927 0.0000086329 0.0000010546 -0.0000122217 0.0000039683 0.0000015758 0.0000074614 0.0000241836 0.7743142616 -0.4571789623 4.1290795256 26.8635241451 7.4199383913 301.0057096876 -0.0263193923 1.9903887625 0.1133721920 1.0491053856
1.5382627173 0.9931453231 -0.0186986985 0.0041206526 0.0001802682 0.0009754513 0.0001563482 0.0001928734 0.0000015033 -0.0000011029 0.0000012452 0.0000011409 -0.0000135595 0.0000038786 0.0000009099 0.0000064891 0.0000236549 0.6712523182 -0.4820389139 3.7629673833 21.6188752388 6.5153210597 213.5701747660 -0.1148300844 0.4876251101 0.1091247987 0.7883558699
1.5215037166 0.9935386587 -0.0190627557 0.0041428184 0.0001749738 0.0009903128 0.0001417734 0.0001929444 0.0000024201 -0.0000018885 0.0000038127 0.0000012554 -0.0000127478 0.0000077095 0.0000008327 0.0000064327 0.0000152246 0.9023392680 -0.4404829332 2.4671784095 21.7043646834 6.4588588489 202.9510837204 -0.1866865063 0.8690478144 0.1620786494 2.2855527007
1.5047447158 0.9939253920 -0.0194970256 0.0041531718 0.0001737343 0.0009872352 0.0001291754 0.0001918855 0.0000020618 -0.0000018760 0.0000042445 0.0000011111 -0.0000189136 0.0000037766 0.0000013145 0.0000029980 0.0000114125 0.7204929366 -0.6356363560 2.7534452585 26.3240791351 3.1828868861 219.9115039789 -0.1839778928 0.9312264273 0.1301292411 1.5059699216
1.4879857150 0.9942906150 -0.0199123528 0.0042659813 0.0001684351 0.0009939166 0.0001198815 0.0001912099 0.0000018490 -0.0000023365 0.0000038652 0.0000003067 -0.0000200770 0.0000004700 0.0000006326 0.0000027950 0.0000101411 0.7053975128 -0.6727011804 4.3689144859 16.7112327291 2.8791469372 188.3517749005 -0.2176192775 0.7726771484 0.0181128339 0.1539791920
1.4712267143 0.9946433855 -0.0202908014 0.0043681893 0.0001646542 0.0010017730 0.0001119892 0.0001883535 0.0000015226 -0.0000024928 0.0000032982 0.0000000292 -0.0000207222 -0.0000011077 0.0000003783 0.0000027885 0.0000078848 0.5996754663 -0.6854936824 1.4861361667 10.6389837266 2.8442035787 116.0917756349 -0.2337454641 0.6242205196 -0.0260019863 -0.0900924426
1.4544677135 0.9949894886 -0.0206618184 0.0044430008 0.0001665322 0.0010071856 0.0001222765 0.0001861311 0.0000007942 -0.0000028332 0.0000016134 -0.0000001623 -0.0000208478 -0.0000014573 0.0000004806 0.0000029586 0.0000117720 0.3269412296 -0.6844498972 0.9866043157 12.6137940201 2.9801322266 167.8019593350 -0.2608853176 -0.0537286628 -0.0574535988 0.1625054567
1.4377087127 0.9953244632 -0.0210719712 0.0045041976 0.0001689653 0.0010060225 0.0001297211 0.0001855580 -0.0000012751 -0.0000040722 -0.0000022733 -0.0000006222 -0.0000224615 0.0000014646 0.0000009062 0.0000035478 0.0000187909 -0.3250198181 -0.7321743303 2.7058882768 18.9476969839 3.4233103980 165.9396532476 -0.3327162892 -1.1422705015 -0.0990758464 0.5259213681
1.4209497120 0.9956545281 -0.0215035259 0.0045314621 0.0001685253 0.0010004395 0.0001307040 0.0001810392 0.0000003115 -0.0000034196 -0.0000035975 0.0000001580 -0.0000215051 0.0000007014 0.0000006158 0.0000028940 0.0000069454 0.0345676843 -0.7153921829 1.0464133643 14.9349506194 2.9593018061 157.0119111590 -0.3001168541 -1.2313457534 -0.0052130458 0.5135855835
1.4041907112 0.9960036635 -0.0219216270 0.0045152337 0.0001674505 0.0009914724 0.0001272179 0.0001780575 0.0000012094 -0.0000035401 -0.0000019177 0.0000003695 -0.0000214094 0.0000011594 0.0000006219 0.0000028051 0.0000084202 0.3111660285 -0.7211211360 0.8949564142 13.8391203345 2.9363026053 152.4433571580 -0.3131297541 -0.7246619626 0.0066662089 0.6242658089
1.3874317105 0.9963515018 -0.0223316523 0.0045340264 0.0001650373 0.0009790858 0.0001144199 0.0001737489 0.0000005357 -0.0000035915 -0.0000014137 -0.0000000221 -0.0000216224 0.0000013676 0.0000003252 0.0000027099 0.0000038661 0.1880557371 -0.7421922282 1.3629316273 9.6902105164 2.9213580106 88.3667505954 -0.3232612171 -0.5766232653 -0.0534194997 0.6359447738
1.3706727097 0.9966913346 -0.0227795494 0.0045927563 0.0001649150 0.0009638482 0.0001135944 0.0001703554 0.0000005718 -0.0000038495 -0.0000011877 -0.0000001850 -0.0000213892 0.0000007221 0.0000003650 0.0000026832 0.0000028285 0.2032750191 -0.7500019519 0.6522213872 14.5405186776 2.9878664429 81.7872984579 -0.3452741782 -0.2525458068 -0.0824382926 0.4056956077
1.3539137089 0.9969848260 -0.0232228386 0.0046782680 0.0001658257 0.0009475868 0.0001256152 0.0001645107 -0.0000000889 -0.0000039909 -0.0000035580 0.0000000555 -0.0000210495 0.0000024071 0.0000004235 0.0000026380 0.0000052706 0.0100885119 -0.7535583054 3.1287403044 14.6545734680 3.0546755472 150.9102054681 -0.3646766812 -1.2950782608 0.0201557989 1.3858253437
1.3371547082 0.9972527724 -0.0236930162 0.0047392199 0.0001658517 0.0009301228 0.0001284545 0.0001586920 0.0000001563 -0.0000041447 -0.0000034613 0.0000000478 -0.0000207697 0.0000029009 0.0000003162 0.0000025757 0.0000070956 -0.0498956714 -0.7636386726 3.4098026299 17.5959671259 3.0998344937 154.4822288960 -0.3813810113 -1.2338953986 0.0357330065 1.4808551213
1.3203957074 0.9975242522 -0.0241797223 0.0047745883 0.0001644358 0.0009114275 0.0001177017 0.0001546251 0.0000006793 -0.0000038854 -0.0000001254 -0.0000004099 -0.0000205073 0.0000008525 0.0000001475 0.0000024780 0.0000013115 0.3459254930 -0.7794528961 1.3872328101 7.8546469830 3.0951679325 54.2181067772 -0.3582333406 0.0492787427 -0.1007791906 0.5247887106
1.3036367066 0.9977899106 -0.0246712308 0.0047853348 0.0001658470 0.0008957839 0.0001250342 0.0001484890 0.0000007359 -0.0000041405 0.0000004420 -0.0000005291 -0.0000188758 0.0000009493 0.0000001539 0.0000029183 0.0000015616 0.3165343982 -0.7318370234 1.7025060777 6.2058492859 3.8102217904 69.1651095036 -0.3897912414 0.1467634924 -0.1452670998 0.5162973011
1.2868777059 0.9980439770 -0.0252049823 0.0047862126 0.0001688762 0.0008764872 0.0001298116 0.0001403931 0.0000001290 -0.0000046309 0.0000001029 -0.0000000818 -0.0000191667 0.0000009659 0.0000003539 0.0000028923 0.0000016699 -0.0521414971 -0.7639235951 1.2800577501 14.6851259692 3.8742508833 78.7412244222 -0.4425464552 -0.1817105186 -0.0272367786 0.6700477339
1.2701187051 0.9982943810 -0.0257445295 0.0047777585 0.0001715333 0.0008582172 0.0001499515 0.0001369680 0.0000000576 -0.0000047897 -0.0000016175 -0.0000007388 -0.0000218159 -0.0000029907 0.0000002928 0.0000037676 0.0000205581 -0.1462290963 -0.8735583460 1.1359424928 11.8563616199 4.6407047303 155.4805473139 -0.4461468343 -0.7646443175 -0.1470138870 0.1838078494
1.2533597043 0.9985619818 -0.0262301886 0.0046501681 0.0001725435 0.0008374747 0.0001844078 0.0001289760 0.0000000902 -0.0000044598 0.0000022383 -0.0000005960 -0.0000153567 0.0000069389 0.0000002876 0.0000037824 0.0000648666 -0.1320512717 -0.6605653585 -2.8238586987 10.9939810055 5.4434117840 292.9372520669 -0.4378169027 -0.4074263167 -0.1189738021 1.3899760125
1.2366007036 0.9988163282 -0.0267872000 0.0045407219 0.0001747798 0.0008108103 0.0001699631 0.0001221824 0.0000005184 -0.0000039435 0.0000037436 -0.0000009082 -0.0000185779 -0.0000070320 0.0000002355 0.0000029411 0.0000375942 0.2057610710 -0.8177017427 -3.0659494339 9.8102330885 4.3475113216 207.8572069578 -0.4038077327 0.6085159077 -0.1799889234 -0.6535216161
1.2198417028 0.9990671633 -0.0273469600 0.0045069403 0.0001765871 0.0007837031 0.0001451485 0.0001165382 0.0000005399 -0.0000043307 0.0000001475 -0.0000011555 -0.0000161722 -0.0000011937 0.0000002372 0.0000025111 0.0000037985 0.3321607148 -0.7567980888 -0.8905783168 9.2795317076 4.2587913249 106.6507358767 -0.4286249090 0.3231117627 -0.2529686997 -0.3600005154
1.2030827021 0.9993068678 -0.0279391241 0.0045203845 0.0001816639 0.0007725293 0.0001418794 0.0001141275 -0.0000015652 -0.0000065969 -0.0000003909 -0.0000030567 -0.0000111688 -0.0000003720 0.0000009802 0.0000089297 0.0000025018 -0.8071414540 -0.5945948829 0.9746123561 36.9627309074 12.2958223299 67.3451373953 -0.6290091144 -0.4401443031 -0.6251400249 -0.1867162306
1.1863237013 0.9995331596 -0.0285299947 0.0044850374 0.0001852527 0.0007487224 0.0001550340 0.0001082996 -0.0000005169 -0.0000061138 0.0000040081 -0.0000031521 -0.0000135680 -0.0000003206 0.0000011519 0.0000059952 0.0000104381 -0.4559164612 -0.6988480460 0.5910166932 36.2100499841 9.7415378020 118.4642730291 -0.6045673779 0.5006189446 -0.6562719185 0.1842601029
1.1695647005 0.9996974511 -0.0290990326 0.0044330536 0.0001831403 0.0007187503 0.0001471080 0.0000986262 0.0000001716 -0.0000040594 0.0000012433 -0.0000011143 -0.0000134857 0.0000005754 0.0000003227 0.0000019442 0.0000044078 0.0107064852 -0.7196439741 -0.0088452541 13.6939661166 3.8749893877 100.8089417624 -0.4273084364 0.3476241280 -0.2551788176 0.1527769602
1.1528056998 0.9998460877 -0.0296575363 0.0043831307 0.0001867559 0.0006978380 0.0001503157 0.0000917991 -0.0000002651 -0.0000041896 -0.0000007843 -0.0000015534 -0.0000137135 -0.0000013274 0.0000005303 0.0000019562 0.0000056622 -0.3073511992 -0.7651516443 0.9128692105 21.3915469570 4.1073862832 146.8992123310 -0.4452992141 -0.4866617811 -0.3426296930 -0.6062747390
1.1360466990 1.0000039661 -0.0302080270 0.0042720756 0.0001887442 0.0006853188 0.0001559637 0.0000818972 -0.0000005234 -0.0000059425 -0.0000014744 -0.0000006552 -0.0000069756 0.0000026932 0.0000003755 0.0000051973 0.0000051738 -0.2355752858 -0.4985973493 -0.0078269716 13.6485513740 8.4708699821 119.1106534732 -0.5672800507 -0.3900645626 -0.2125054865 0.6580419846
1.1192876982 1.0001279371 -0.0307694754 0.0041355054 0.0001942416 0.0006687966 0.0001666345 0.0000741858 -0.0000002102 -0.0000065327 -0.0000018781 0.0000001260 -0.0000044164 0.0000047096 0.0000004422 0.0000062261 0.0000063570 0.0002664465 -0.3826366567 -0.5164434232 14.3484812358 10.2413555545 137.6341445063 -0.5996224886 -0.5334618887 -0.0474116286 1.3360760541
1.1025286975 1.0002337902 -0.0313500726 0.0040093455 0.0001957093 0.0006402759 0.0001607469 0.0000684497 -0.0000000955 -0.0000048437 -0.0000012565 -0.0000004265 -0.0000083601 0.0000034271 0.0000003560 0.0000025023 0.0000048305 0.0363005514 -0.5512863082 -0.9858079432 10.4136042654 5.4841729568 120.0176963199 -0.5017302854 -0.3788982327 -0.1187564039 1.1075387261
1.0857696967 1.0003927647 -0.0319293686 0.0039170025 0.0001979711 0.0006173845 0.0001562109 0.0000650062 0.0000008081 -0.0000035451 0.0000025669 -0.0000011659 -0.0000094433 -0.0000000623 0.0000003388 0.0000014582 0.0000039966 0.4846042350 -0.6254566690 -1.0777270293 14.0872150134 3.8605025353 96.6095647089 -0.3990440789 0.8762518313 -0.2405165727 0.0714554979
1.0690106960 1.0005469343 -0.0325109916 0.0037894389 0.0002036377 0.0006005997 0.0001651173 0.0000578836 0.0000003612 -0.0000034125 0.0000014810 -0.0000013999 -0.0000088150 -0.0000013161 0.0000006695 0.0000014912 0.0000077892 0.3901107759 -0.6092136181 -0.4043028508 17.8484512630 4.2105912570 111.9003696801 -0.3857519006 0.7382723074 -0.2771864851 -0.2521085350
1.0522516952 1.0006177178 -0.0330649651 0.0036348469 0.0002131354 0.0005961116 0.0001829716 0.0000504103 0.0000012733 -0.0000041221 0.0000005673 -0.0000005314 0.0000006902 0.0000032636 0.0000014039 0.0000073069 0.0000168716 0.1661622957 -0.1279834737 2.7043271077 27.2399455858 14.3305793250 202.0473516213 -0.4712088971 -0.0561467948 -0.0663471157 0.8136452771
1.0354926944 1.0006261601 -0.0336353573 0.0034670734 0.0002257656 0.0005880848 0.0002240806 0.0000424900 -0.0000005690 -0.0000063690 -0.0000022979 0.0000011172 0.0000029561 0.0000139319 0.0000021435 0.0000073514 0.0000463051 -0.4261772556 0.0606874638 3.5201145774 42.8927004179 16.2967697825 317.9874493179 -0.6876474100 -0.5262154696 0.2154799596 2.5776524252
1.0187336937 1.0006269578 -0.0342170394 0.0033915308 0.0002327696 0.0005697871 0.0002154898 0.0000368093 -0.0000046788 -0.0000058592 -0.0000093704 0.0000027507 -0.0000009453 0.0000113509 0.0000036378 0.0000038343 0.0000301778 -1.0777754367 -0.1184191382 2.6431464489 51.2261651760 10.2497955872 258.3963300422 -0.6286292943 -1.4880952192 0.4112173338 2.3102745304
1.0019746929 1.0006143713 -0.0347950572 0.0033503247 0.0002365920 0.0005631503 0.0002124481 0.0000341315 -0.0000023903 -0.0000046672 -0.0000012789 0.0000011859 -0.0000005349 0.0000011497 0.0000020407 0.0000044523 0.0000335058 -0.5885004568 -0.0984605672 2.2457681664 35.0702267192 11.9473583940 154.9928128195 -0.5297014895 -0.3141001122 0.2380773119 0.9375635912
0.9852156921 1.0005648209 -0.0353729683 0.0032590763 0.0002471078 0.0005478086 0.0002034739 0.0000279384 -0.0000012531 -0.0000040173 0.0000032154 0.0000003974 -0.0000031753 0.0000017367 0.0000013322 0.0000014836 0.0000126470 -0.4204267942 -0.2382250491 0.2562640030 27.5207667786 5.0091835209 117.8465114514 -0.4686997675 0.5589961615 0.1396752497 0.5062790635
0.9684566914 1.0004331626 -0.0359257550 0.0031824448 0.0002615149 0.0005481169 0.0001983931 0.0000166551 -0.0000038692 -0.0000049667 -0.0000000296 0.0000010411 -0.0000015612 0.0000016462 0.0000013708 0.0000016616 0.0000046306 -1.1361172856 -0.1144437459 0.4647517346 26.1344839531 5.5828232409 65.4406030564 -0.5731587326 -0.2366167187 0.2518114215 0.5526275133
0.9516976906 1.0002201362 -0.0364481072 0.0031016861 0.0002838424 0.0005532096 0.0002027782 0.0000024430 -0.0000081480 -0.0000060766 -0.0000033825 0.0000025394 0.0000006931 0.0000026186 0.0000022937 0.0000021398 0.0000017546 -1.9203739870 0.0518633506 1.1492240198 32.2356477573 6.9041613635 39.1806535918 -0.6676771653 -1.0376545594 0.4634950888 0.8007047481
0.9349386898 0.9999616187 -0.0370032418 0.0030038062 0.0003105244 0.0005610378 0.0002315351 -0.0000100627 -0.0000108056 -0.0000071444 -0.0000033796 0.0000042397 0.0000024281 0.0000047545 0.0000028001 0.0000022976 0.0000089179 -2.1910956490 0.1787905906 1.3237813597 33.6245621938 7.2508722601 73.4736345721 -0.7368264413 -0.9112061692 0.6555558434 1.0437320686
0.9181796891 0.9995984039 -0.0375397694 0.0028768661 0.0003531807 0.0005761223 0.0002569701 -0.0000238552 -0.0000170912 -0.0000072554 -0.0000073089 0.0000069092 0.0000075811 0.0000069363 0.0000043841 0.0000044940 0.0000110410 -2.7222986844 0.4761570083 -0.1761225381 38.8748646667 11.8325454756 91.1411860150 -0.6867767988 -1.1837843146 0.8776224933 1.2956865800
0.9014206883 0.9991546038 -0.0380396961 0.0028364271 0.0003980612 0.0005887173 0.0002813438 -0.0000418797 -0.0000230715 -0.0000090580 -0.0000068652 0.0000094253 0.0000124418 0.0000061637 0.0000057036 0.0000075476 0.0000085085 -3.0168342165 0.7290870308 0.3147256881 38.7278735668 17.0203928172 80.4666401892 -0.7956865186 -1.1867362623 1.0229948441 1.1205078886
0.8846616876 0.9986611299 -0.0385240493 0.0028443331 0.0004534740 0.0005992691 0.0003502537 -0.0000597711 -0.0000304407 -0.0000124658 -0.0000154331 0.0000121620 0.0000125293 0.0000085736 0.0000080323 0.0000066518 0.0000322219 -3.2358181655 0.7324406407 0.8083776654 40.2152302575 14.6106050667 148.0590121704 -0.9797205688 -1.7900124622 1.1352128603 1.1271968120
0.8679026868 0.9980953330 -0.0390242507 0.0028428795 0.0005169473 0.0006067016 0.0003876164 -0.0000788997 -0.0000416088 -0.0000144990 -0.0000227459 0.0000162248 0.0000100693 0.0000072538 0.0000107098 0.0000039657 0.0000371607 -3.5630796324 0.6427171364 1.5234850358 40.3649756082 10.2254247293 116.8436274970 -1.0508997142 -1.9483700374 1.2949647488 0.8259943600
0.8511436860 0.9973758861 -0.0395009259 0.0028276496 0.0005886016 0.0006198304 0.0004117647 -0.0000983604 -0.0000527719 -0.0000168096 -0.0000250502 0.0000196813 0.0000094455 0.0000076524 0.0000132999 0.0000033272 0.0000312922 -3.6948820425 0.5967241713 1.3818598539 38.1868226724 8.5230347019 99.0287705080 -1.1142039659 -2.0404391191 1.3542253540 0.7439966846
0.8343846853 0.9965351126 -0.0399848872 0.0028128272 0.0006766792 0.0006438383 0.0004249149 -0.0001172707 -0.0000650519 -0.0000195521 -0.0000235535 0.0000222912 0.0000109631 0.0000065580 0.0000161622 0.0000039395 0.0000177896 -3.7138028830 0.6542319314 1.2390940754 35.2146047467 9.2354781579 69.8596123592 -1.1613959988 -1.9791458033 1.3108623828 0.5860633445
0.8176256845 0.9955868826 -0.0404316660 0.0027231492 0.0007866593 0.0006834546 0.0004703905 -0.0001485055 -0.0000833655 -0.0000245675 -0.0000260129 0.0000278622 0.0000206156 0.0000111189 0.0000201350 0.0000091198 0.0000328909 -3.7842827057 1.0716552483 0.4345933690 32.4622389274 16.7849045491 73.7382016836 -1.2574044383 -1.8931869192 1.3570744712 0.8034721288
0.8008666837 0.9944861882 -0.0408968044 0.0025651220 0.0009189712 0.0007110948 0.0005124220 -0.0001825461 -0.0001040551 -0.0000260787 -0.0000257528 0.0000336324 0.0000178575 0.0000115638 0.0000251491 0.0000055456 0.0000101364 -3.7364518915 0.9250702614 0.1657035141 29.6919078359 10.5979063779 34.4485770813 -1.2015406884 -1.6379971966 1.3736481826 0.7286780374
0.7841076830 0.9931311694 -0.0413987243 0.0024215966 0.0010738679 0.0007519622 0.0006019549 -0.0002193009 -0.0001276033 -0.0000288179 -0.0000308638 0.0000397117 0.0000193350 0.0000119620 0.0000309804 0.0000055051 0.0000160701 -3.6241014676 0.9310191499 0.1946513969 26.8386491961 9.6128390928 38.1256313397 -1.1654646956 -1.5691228694 1.3474918784 0.6090844710
0.7673486822 0.9915345787 -0.0419325881 0.0023121899 0.0012558982 0.0007981025 0.0006845948 -0.0002609829 -0.0001568544 -0.0000329206 -0.0000410268 0.0000472502 0.0000206771 0.0000124687 0.0000382054 0.0000056672 0.0000202299 -3.5147748993 0.9148685932 0.4456596672 24.1218012151 8.8697728789 37.4030141370 -1.1616560074 -1.6735026903 1.3263210868 0.5238721433
0.7505896814 0.9897131726 -0.0424228206 0.0022722250 0.0014699658 0.0008516243 0.0007755606 -0.0003051998 -0.0001932847 -0.0000377610 -0.0000538024 0.0000557657 0.0000237251 0.0000163848 0.0000474524 0.0000061894 0.0000199851 -3.4231053341 0.9466927015 0.4036776557 21.8977234747 8.4720479720 30.4173042668 -1.1527376091 -1.7832323599 1.2937808884 0.5509366108
0.7338306807 0.9875286657 -0.0428453333 0.0022637827 0.0017211806 0.0009229419 0.0008946003 -0.0003614417 -0.0002327907 -0.0000431803 -0.0000593003 0.0000681177 0.0000292379 0.0000186421 0.0000587618 0.0000076900 0.0000240385 -3.2511896126 1.0344809852 -0.1743701374 19.7281784417 8.9404255938 28.0131880183 -1.1255367929 -1.5950821422 1.2943450429 0.4939230497
0.7170716799 0.9847733788 -0.0432083118 0.0021637559 0.0020371541 0.0010048655 0.0010131710 -0.0004414865 -0.0002838589 -0.0000547391 -0.0000679665 0.0000841363 0.0000362262 0.0000222764 0.0000723032 0.0000095909 0.0000219141 -3.0812557537 1.1297826462 -0.0598776858 17.3839795183 9.4179467837 20.6228119195 -1.2026709322 -1.4806865543 1.2965995366 0.4817142600
0.7003126792 0.9816295675 -0.0435606491 0.0017592662 0.0024121234 0.0010926167 0.0011898252 -0.0005305762 -0.0003487800 -0.0000661489 -0.0000892280 0.0001041592 0.0000418942 0.0000265061 0.0000903457 0.0000106952 0.0000487595 -2.9407579306 1.1542495479 -0.1930961432 15.5408527217 8.9139098840 28.6940013803 -1.2306735004 -1.5062616629 1.3041433821 0.4546938640
0.6835536784 0.9781361954 -0.0438983505 0.0013591728 0.0028456157 0.0012063183 0.0013557470 -0.0006374330 -0.0004248101 -0.0000831700 -0.0001039631 0.0001278265 0.0000514504 0.0000369482 0.0001128548 0.0000157609 0.0000382575 -2.7981940410 1.2282271751 -0.2393180144 13.9688002186 10.5715667479 19.7049170119 -1.2893159324 -1.4284724951 1.2956648251 0.5078870544
0.6667946776 0.9741217131 -0.0442158119 0.0012527165 0.0033473884 0.0013122486 0.0015609035 -0.0007451454 -0.0005098814 -0.0000948704 -0.0001193488 0.0001549561 0.0000749656 0.0000432648 0.0001410992 0.0000313557 0.0000427062 -2.6353038555 1.4946299715 -0.3884992753 12.6235095102 15.3032035599 17.0670147207 -1.2476491307 -1.3200340787 1.2799065149 0.4776321682
0.6500356769 0.9695438454 -0.0445021246 0.0013726599 0.0039040970 0.0014155239 0.0017842156 -0.0008410384 -0.0006055612 -0.0001017341 -0.0001487217 0.0001790597 0.0000861900 0.0000472155 0.0001754518 0.0000384398 0.0000548294 -2.4880839266 1.5326662815 -0.3182464377 11.5401445930 16.0663370502 16.7101290224 -1.1539965349 -1.3351659000 1.2211114444 0.4237152099
0.6332766761 0.9643526463 -0.0447469801 0.0013502379 0.0045245992 0.0015199637 0.0020300764 -0.0009625117 -0.0007216400 -0.0001137326 -0.0001717124 0.0002026680 0.0000804308 0.0000517114 0.0002146773 0.0000249469 0.0000758551 -2.3767201111 1.3434041120 -0.0904143071 10.5513319206 10.4386876221 17.3012008325 -1.1155698661 -1.2577668561 1.1512909963 0.3782571854
0.6165176753 0.9586514051 -0.0450007532 0.0011521066 0.0052357167 0.0016483694 0.0022698945 -0.0011117900 -0.0008371788 -0.0001269144 -0.0001942597 0.0002314442 0.0000851397 0.0000526843 0.0002546726 0.0000258545 0.0000826744 -2.2171683630 1.2582027888 -0.0916545909 9.3692772970 9.1771206872 14.8210026385 -1.0663778441 -1.1768575287 1.0913582069 0.3210097243
0.5997586746 0.9523132391 -0.0452714570 0.0009199994 0.0060201737 0.0017836401 0.0025965248 -0.0012836693 -0.0009570902 -0.0001444549 -0.0002240207 0.0002648910 0.0000856236 0.0000608912 0.0002981809 0.0000228789 0.0001062270 -2.0562646654 1.1342036763 -0.1248859351 8.2990339358 7.1507268847 14.6026765909 -1.0462359967 -1.1079763778 1.0450748832 0.3029217484
0.5829996738 0.9451072508 -0.0453649955 0.0006849111 0.0068515102 0.0019425402 0.0029656239 -0.0014557057 -0.0010844668 -0.0001602203 -0.0002660259 0.0002987055 0.0001094865 0.0000709300 0.0003520265 0.0000379645 0.0001749530 -1.9183470761 1.2503638000 -0.2270710874 7.5554497942 9.3536335268 17.7856211632 -1.0021860321 -1.0787137690 0.9931481516 0.2898082388
0.5662406730 0.9372751404 -0.0454035597 0.0005770690 0.0077160338 0.0021001603 0.0032999996 -0.0016366229 -0.0012018984 -0.0001779247 -0.0002887961 0.0003291163 0.0001197670 0.0000911815 0.0004080146 0.0000419530 0.0001645082 -1.7780049877 1.2152166012 -0.0918968648 6.8930754203 8.8993399588 14.2582145552 -0.9682834476 -0.9957260269 0.9339026061 0.3129677583
0.5494816723 0.9288927332 -0.0455257279 0.0003912626 0.0086526895 0.0022405457 0.0036435730 -0.0018337306 -0.0013206474 -0.0001959219 -0.0003080411 0.0003643557 0.0001093576 0.0000824912 0.0004637131 0.0000309675 0.0001642806 -1.6451265126 1.0285016239 -0.1133751910 6.2302583144 6.1257602497 11.9492390153 -0.9423535390 -0.9110813036 0.8918164818 0.2443576392
0.5327226715 0.9198258663 -0.0455376643 -0.0000831655 0.0096456583 0.0023989812 0.0039834410 -0.0020418473 -0.0014430448 -0.0002156492 -0.0003360987 0.0004090391 0.0001163333 0.0000878708 0.0005270517 0.0000333074 0.0001389063 -1.5274924299 0.9894132080 -0.1643564447 5.6940240088 5.7640838801 8.6798124810 -0.9175408208 -0.8606207565 0.8676012742 0.2252776721
0.5159636708 0.9098528649 -0.0452770926 -0.0005888368 0.0107477775 0.0025769004 0.0044123854 -0.0022846061 -0.0015935873 -0.0002362131 -0.0003699524 0.0004601875 0.0001264660 0.0000898621 0.0006169814 0.0000378273 0.0001558890 -1.4336054758 0.9665704270 -0.1772572599 5.3667119567 5.6865086684 7.9301944272 -0.8855819331 -0.8099617733 0.8446234529 0.1972748726
0.4992046700 0.8994424225 -0.0449764602 -0.0009616196 0.0118406860 0.0027514612 0.0048643947 -0.0025361857 -0.0017342633 -0.0002545142 -0.0004127408 0.0005012719 0.0001329359 0.0001024974 0.0007021993 0.0000408949 0.0001856326 -1.3485456959 0.9210122777 -0.1805032115 5.0240662866 5.3982542707 7.7896814323 -0.8505465871 -0.7805988786 0.8073727298 0.1944415780
0.4824456692 0.8885578910 -0.0445732859 -0.0011310114 0.0130035143 0.0029455280 0.0053264483 -0.0027902631 -0.0018623209 -0.0002667166 -0.0004333425 0.0005360588 0.0001450277 0.0001132036 0.0007922837 0.0000462021 0.0002227638 -1.2575210427 0.9061176107 -0.1354875271 4.6909902914 5.3061525033 7.7164193148 -0.7941076338 -0.7136343727 0.7589665957 0.1865795662
0.4656866685 0.8767958239 -0.0442910894 -0.0016233100 0.0142025273 0.0031330736 0.0057823942 -0.0030171280 -0.0019837324 -0.0002793508 -0.0004621593 0.0005653493 0.0001546816 0.0001219188 0.0008968021 0.0000520339 0.0002197882 -1.1739407109 0.8781905697 -0.1830153009 4.4526465535 5.2253243972 6.5248562927 -0.7478960162 -0.6711998372 0.7102915806 0.1776007188
0.4489276677 0.8640021732 -0.0439555945 -0.0017661221 0.0153547763 0.0033116670 0.0061688128 -0.0032446250 -0.0020526235 -0.0002891864 -0.0004682200 0.0005809362 0.0001555721 0.0001220344 0.0009802591 0.0000530144 0.0002440280 -1.0810820578 0.8132684196 -0.1470505641 4.1653115534 4.7801543286 6.3788042778 -0.7039941305 -0.6131782859 0.6565053805 0.1604986925
0.4321686669 0.8508419497 -0.0434374817 -0.0016826190 0.0165013927 0.0035009868 0.0065577449 -0.0034903034 -0.0021249781 -0.0003071082 -0.0005008814 0.0006034020 0.0001610666 0.0001303624 0.0010727968 0.0000574676 0.0002654377 -1.0053466811 0.7762078153 -0.1075636790 3.9489862649 4.6630638763 6.1191208396 -0.6825942308 -0.5948680278 0.6174783603 0.1550752602
0.4154096662 0.8376212675 -0.0429308614 -0.0016844919 0.0176827802 0.0036999825 0.0069625520 -0.0037654690 -0.0021990477 -0.0003240117 -0.0005324819 0.0006315055 0.0001683778 0.0001314694 0.0011858402 0.0000652603 0.0002578456 -0.9377906953 0.7473136696 -0.0673950509 3.7967829313 4.7398165007 5.3065230348 -0.6581259497 -0.5751787032 0.5870518246 0.1422621813
0.3986506654 0.8241711227 -0.0424035503 -0.0019579642 0.0188499885 0.0038838232 0.0073280749 -0.0040700233 -0.0022388927 -0.0003329475 -0.0005292817 0.0006594861 0.0001692466 0.0001188073 0.0012916183 0.0000628785 0.0002806365 -0.8679347563 0.6987008229 -0.0936090719 3.6404784635 4.1670800572 5.2007884862 -0.6242239500 -0.5259006768 0.5611729726 0.1183403107
0.3818916647 0.8104384037 -0.0419185359 -0.0022445235 0.0199514122 0.0040644021 0.0077734169 -0.0043522826 -0.0022358282 -0.0003386481 -0.0005339293 0.0006703644 0.0001684883 0.0001133799 0.0013779806 0.0000655226 0.0003365725 -0.7966766606 0.6490439652 -0.1171071744 3.4714650272 3.9640049503 5.4712451644 -0.5896385875 -0.4860532611 0.5266714083 0.1038058194
0.3651326639 0.7961976169 -0.0412715509 -0.0023146746 0.0209634744 0.0042624800 0.0082375604 -0.0046275066 -0.0021970626 -0.0003423483 -0.0005429500 0.0006694227 0.0001705121 0.0001222706 0.0014500317 0.0000727282 0.0004167179 -0.7265986132 0.6134067498 -0.0855650960 3.3079074322 3.9770905121 5.8532808843 -0.5543190313 -0.4550680595 0.4888155743 0.1034501828
0.3483736631 0.7816348783 -0.0404809417 -0.0025729963 0.0218442712 0.0044522146 0.0086877840 -0.0048682307 -0.0021565548 -0.0003399174 -0.0005471297 0.0006608501 0.0001759476 0.0001294805 0.0015303253 0.0000757212 0.0005114519 -0.6699345496 0.5916847059 -0.0418790049 3.2125149054 3.8133746719 6.3850416061 -0.5163502802 -0.4255234913 0.4532421570 0.1015784581
0.3316146624 0.7666303761 -0.0395883016 -0.0029021863 0.0226977652 0.0046416041 0.0090617621 -0.0051395913 -0.0021305365 -0.0003385167 -0.0005536745 0.0006606611 0.0001807132 0.0001388025 0.0016288591 0.0000796548 0.0004800523 -0.6242682660 0.5708658477 0.0549954951 3.1649439181 3.6924187112 5.7108889137 -0.4840463564 -0.4052022711 0.4272158074 0.1016362650
0.3148556616 0.7513919522 -0.0388568892 -0.0030987056 0.0235050081 0.0047919962 0.0094514971 -0.0053572400 -0.0020816323 -0.0003354299 -0.0005307325 0.0006604028 0.0001771156 0.0001495606 0.0017112637 0.0000823796 0.0004972039 -0.5789047753 0.5339198602 0.0517268679 3.1006691110 3.5854410712 5.4771558730 -0.4565690008 -0.3662785100 0.4058966786 0.1031069049
0.2980966608 0.7358409744 -0.0380492557 -0.0036742395 0.0242521447 0.0049546437 0.0096838633 -0.0055347286 -0.0019818553 -0.0003303770 -0.0004745167 0.0006473002 0.0001696770 0.0001308075 0.0017686077 0.0000869794 0.0004224938 -0.5258147704 0.4874661416 -0.0727773429 3.0094137702 3.5401147574 4.4828053644 -0.4279842553 -0.3142353429 0.3792302079 0.0868178019
0.2813376601 0.7202062351 -0.0373464164 -0.0039440748 0.0251067874 0.0051430231 0.0100678666 -0.0057537929 -0.0019298290 -0.0003258814 -0.0004693064 0.0006364882 0.0001690226 0.0001333438 0.0018586415 0.0000911380 0.0004331108 -0.4861623533 0.4586757284 -0.0764185773 2.9503174023 3.4435767421 4.2601471748 -0.3995580721 -0.2941526274 0.3534000630 0.0835947383
0.2645786593 0.7043624733 -0.0365251815 -0.0035484280 0.0259222327 0.0053456230 0.0104499632 -0.0059987091 -0.0018804172 -0.0003185584 -0.0004556774 0.0006279665 0.0001713311 0.0001366138 0.0019456400 0.0000968537 0.0004748489 -0.4514096581 0.4387793747 -0.0973938888 2.8963749425 3.3840909113 4.3380206369 -0.3697637678 -0.2706181777 0.3310829501 0.0811999607
0.2478196585 0.6883285137 -0.0357046019 -0.0031333731 0.0265120235 0.0055068416 0.0108502409 -0.0061877226 -0.0017695135 -0.0003028225 -0.0004218262 0.0006038792 0.0001663442 0.0001190368 0.0019921912 0.0001028873 0.0005606940 -0.4106336691 0.4080475699 -0.0580890085 2.8350334096 3.3836531001 4.6824308503 -0.3377312341 -0.2380868562 0.3066565528 0.0674862430
0.2310606578 0.6718973974 -0.0347952058 -0.0032259613 0.0269490153 0.0056081871 0.0111234329 -0.0063315957 -0.0016314743 -0.0002902875 -0.0004103377 0.0005706008 0.0001556896 0.0001057283 0.0020212199 0.0001033495 0.0006573515 -0.3692696446 0.3720832499 -0.0745167031 2.7833475279 3.2824643131 5.2232724244 -0.3150723075 -0.2244143218 0.2824022884 0.0579582474
0.2143016570 0.6555234612 -0.0339603315 -0.0030364160 0.0273817430 0.0057413483 0.0113207883 -0.0064993797 -0.0014968988 -0.0002783424 -0.0003816639 0.0005416248 0.0001445855 0.0001095984 0.0020666157 0.0001071589 0.0006137550 -0.3306919880 0.3329121336 -0.0702958530 2.7563545945 3.2449933352 4.7482009334 -0.2924516802 -0.2033907914 0.2606000430 0.0582668346
0.1975426563 0.6389178786 -0.0331867697 -0.0026841550 0.0278347650 0.0058763980 0.0114928087 -0.0066628266 -0.0013730887 -0.0002615439 -0.0003519753 0.0004998394 0.0001442603 0.0000963016 0.0021265055 0.0001143381 0.0005901205 -0.2957549521 0.3195504493 -0.0731409004 2.7442547698 3.2971337537 4.3980067758 -0.2666903279 -0.1829356566 0.2338919059 0.0502474660
0.1807836555 0.6224461366 -0.0323699932 -0.0023045228 0.0281788489 0.0059371546 0.0116272639 -0.0067374127 -0.0012169196 -0.0002336260 -0.0003282247 0.0004391415 0.0001277124 0.0000858423 0.0021584278 0.0001130701 0.0005672654 -0.2572797281 0.2802730118 -0.0323297658 2.7180656606 3.2069842151 4.1612335113 -0.2346621015 -0.1675024755 0.2021273617 0.0440969501
0.1640246547 0.6061825439 -0.0313588195 -0.0024597174 0.0283853602 0.0059716193 0.0117290945 -0.0067808540 -0.0010325568 -0.0001981633 -0.0003010911 0.0003774362 0.0001016339 0.0000725089 0.0021611017 0.0001113060 0.0005665038 -0.2157218719 0.2223823037 -0.0167065617 2.6817887359 3.1192444811 4.0860702367 -0.1973841051 -0.1518490699 0.1721453738 0.0367707810
0.1472656540 0.5896085503 -0.0302724661 -0.0023264953 0.0285083690 0.0060172277 0.0118802064 -0.0068267376 -0.0008627593 -0.0001738323 -0.0002436937 0.0003297860 0.0000910509 0.0000716465 0.0021577910 0.0001099825 0.0005670982 -0.1789909064 0.1969044485 -0.0315363460 2.6543851607 3.0331971001 3.9997092686 -0.1715125444 -0.1212235154 0.1492814490 0.0355760596
0.1305066532 0.5732017583 -0.0295028241 -0.0020386965 0.0284994947 0.0060756506 0.0121223041 -0.0068825588 -0.0006646105 -0.0001546947 -0.0001789812 0.0002829621 0.0000802502 0.0000545018 0.0021463102 0.0001120129 0.0005816480 -0.1376750137 0.1702992206 0.0070545399 2.6418451261 3.0310745166 3.9404443376 -0.1512431445 -0.0875025423 0.1275770956 0.0266693363
0.1137476524 0.5569330710 -0.0287103281 -0.0028482334 0.0283457236 0.0061243892 0.0121751427 -0.0068944343 -0.0004546484 -0.0001337117 -0.0001490411 0.0002446741 0.0000738724 0.0000461674 0.0021200971 0.0001131585 0.0005799113 -0.0948326266 0.1542017503 -0.0123809251 2.6385371687 3.0147233996 3.8878299334 -0.1299374185 -0.0723297070 0.1104585982 0.0225444593
0.0969886517 0.5407319542 -0.0276920107 -0.0031990699 0.0281341931 0.0061356743 0.0121510036 -0.0068614600 -0.0002612187 -0.0001109083 -0.0001058059 0.0002000829 0.0000663650 0.0000364761 0.0020968724 0.0001129684 0.0005655116 -0.0546926909 0.1378175430 -0.0409728295 2.6494115767 3.0007199484 3.8085421640 -0.1080700789 -0.0518817812 0.0909161723 0.0180634519
0.0802296509 0.5245338000 -0.0266518795 -0.0028951108 0.0279819723 0.0061547117 0.0121229202 -0.0068329106 -0.0000759189 -0.0000902135 -0.0000674620 0.0001504579 0.0000585161 0.0000260551 0.0020849583 0.0001128575 0.0005658746 -0.0153785235 0.1213007241 -0.0321595661 2.6635366416 2.9786557065 3.8347233732 -0.0878089815 -0.0334392613 0.0685331955 0.0130100303
0.0634706501 0.5084073557 -0.0257220688 -0.0028048190 0.0277808831 0.0061699676 0.0121655728 -0.0068084296 0.0000740118 -0.0000684407 -0.0000171380 0.0001013956 0.0000473163 0.0000145167 0.0020698563 0.0001158272 0.0005859962 0.0168457597 0.0983420942 -0.0387248348 2.6831830331 3.0420979159 3.9550536698 -0.0666926864 -0.0086993259 0.0463618797 0.0073733646
0.0467116494 0.4922723257 -0.0244646715 -0.0027623190 0.0273980904 0.0061775468 0.0121925029 -0.0067336939 0.0001858563 -0.0000480469 0.0000062633 0.0000632632 0.0000516211 0.0000038229 0.0020272290 0.0001296315 0.0006534339 0.0415980442 0.1060757155 -0.0184098574 2.7021857533 3.3852630500 4.3676078004 -0.0468812983 0.0028259298 0.0292638167 0.0018907594
0.0299526486 0.4760836372 -0.0232012123 -0.0026652294 0.0269056076 0.0061836524 0.0122361032 -0.0066171030 0.0002880037 -0.0000301715 0.0000353148 0.0000284912 0.0000577533 -0.0000059654 0.0019668345 0.0001488460 0.0006733178 0.0656305584 0.1155947064 -0.0938875998 2.7188355957 3.8240968060 4.4593856360 -0.0296157043 0.0174142834 0.0134815168 -0.0031270769
0.0131936479 0.4600142435 -0.0221319376 -0.0025653574 0.0265959373 0.0061350685 0.0119426110 -0.0065560783 0.0004134726 -0.0000134306 0.0000529602 -0.0000107273 0.0000202216 -0.0000099489 0.0019364195 0.0001167912 0.0005656860 0.0956965052 0.0408084883 -0.0212663109 2.7392198117 3.0894587434 3.9499811216 -0.0132639671 0.0272464432 -0.0050392154 -0.0052611955
-0.0035653529 0.4441747982 -0.0211734246 -0.0025102875 0.0264064015 0.0060715485 0.0118770772 -0.0064657885 0.0005526650 0.0000126068 0.0000879271 -0.0000504609 0.0000000967 -0.0000202632 0.0019307460 0.0001083312 0.0005843874 0.1290878876 -0.0005128617 -0.0344875583 2.7703769869 2.9332527150 4.1363375665 0.0127570155 0.0457971638 -0.0243019722 -0.0104478844
-0.0203243537 0.4286208089 -0.0200748574 -0.0025550122 0.0261298856 0.0060333204 0.0117620322 -0.0063918460 0.0006922234 0.0000336702 0.0001098383 -0.0000873026 -0.0000131060 -0.0000245226 0.0019063883 0.0001098266 0.0005705241 0.1641498799 -0.0285008388 -0.0554017325 2.7936801253 3.0112173084 4.1012695941 0.0346199527 0.0583909685 -0.0429269901 -0.0129364546
-0.0370833544 0.4135237386 -0.0189317696 -0.0025040319 0.0257513204 0.0059736928 0.0115902293 -0.0062955145 0.0007910112 0.0000551882 0.0001403426 -0.0001146963 -0.0000316514 -0.0000295179 0.0018579968 0.0001062560 0.0005307002 0.1917132994 -0.0689845601 -0.0175995234 2.8033254453 2.9739305957 3.9120881302 0.0577849398 0.0767458944 -0.0575865991 -0.0160990519
-0.0538423552 0.3989506400 -0.0177164445 -0.0028359445 0.0253990021 0.0059266674 0.0114620017 -0.0062238384 0.0008643859 0.0000714850 0.0001553190 -0.0001462792 -0.0000396595 -0.0000271238 0.0018111266 0.0001047141 0.0005088641 0.2139498356 -0.0876992920 -0.0008491501 2.8086229670 2.9775678459 3.8294431777 0.0760322622 0.0867813747 -0.0747276834 -0.0153385032
-0.0706013560 0.3845846537 -0.0167046715 -0.0031654794 0.0249971677 0.0058559060 0.0112480953 -0.0061413963 0.0009490198 0.0000874887 0.0001643332 -0.0001779023 -0.0000489627 -0.0000385265 0.0017663630 0.0001037989 0.0005220070 0.2405429280 -0.1100479337 0.0175493658 2.8275168767 3.0220139907 4.0408251626 0.0949110845 0.0944520475 -0.0928093011 -0.0218046224
-0.0873603567 0.3704345544 -0.0160366901 -0.0034144602 0.0244588655 0.0057753519 0.0109089285 -0.0060082972 0.0010125373 0.0001003130 0.0001852703 -0.0001966557 -0.0000561820 -0.0000484028 0.0017121790 0.0001057769 0.0005014241 0.2650080762 -0.1283049173 0.0121415365 2.8623198090 3.1642877570 4.1211597475 0.1113120597 0.1105150822 -0.1055159568 -0.0285459324
-0.1041193575 0.3565194887 -0.0154788389 -0.0035836689 0.0238660418 0.0056397640 0.0105950969 -0.0058700937 0.0010636599 0.0001113715 0.0002040247 -0.0002156634 -0.0000529486 -0.0000513109 0.0016445967 0.0000963070 0.0004880739 0.2887302885 -0.1250995019 0.0339830997 2.8871248854 3.0253573681 4.2532732283 0.1280514919 0.1259368400 -0.1201959855 -0.0314438136
-0.1208783582 0.3429984972 -0.0148164484 -0.0034458338 0.0233158175 0.0055235117 0.0103718006 -0.0057673337 0.0011069004 0.0001209721 0.0002209457 -0.0002422633 -0.0000569723 -0.0000528614 0.0015792524 0.0000937584 0.0004571428 0.3111513570 -0.1388115600 0.0193330202 2.9043614601 3.0704229280 4.1790289523 0.1438718145 0.1406358622 -0.1397420011 -0.0333747926
-0.1376373590 0.3295350404 -0.0139741433 -0.0037300036 0.0227189895 0.0054180997 0.0102315405 -0.0056737911 0.0011366746 0.0001335277 0.0002476208 -0.0002674952 -0.0000646030 -0.0000623075 0.0015026489 0.0000898798 0.0004396826 0.3322354647 -0.1622251552 0.0368348951 2.9102359445 3.0600723105 4.1435086164 0.1640524490 0.1619880417 -0.1599822636 -0.0403545431
-0.1543963598 0.3160908676 -0.0131319008 -0.0041908969 0.0220527055 0.0053309875 0.0099935570 -0.0055729829 0.0011543847 0.0001475270 0.0002577960 -0.0002879141 -0.0000789270 -0.0000699442 0.0014254432 0.0000884190 0.0004015913 0.3530731210 -0.2033361918 0.0151269301 2.9309380498 3.1093649322 3.9659464047 0.1869501239 0.1756899743 -0.1789305203 -0.0471642460
-0.1711553605 0.3028720888 -0.0124810573 -0.0044448571 0.0212919220 0.0052197252 0.0096455420 -0.0054157420 0.0011631190 0.0001608828 0.0002656057 -0.0002969390 -0.0000892177 -0.0000637034 0.0013439233 0.0000862703 0.0003581119 0.3749940182 -0.2370500208 0.0046208092 2.9643983303 3.1636340156 3.8161592573 0.2115771973 0.1898693571 -0.1930564638 -0.0456246039
-0.1879143613 0.2899203871 -0.0118371531 -0.0043010147 0.0205481710 0.0050818260 0.0093647264 -0.0052368270 0.0011676927 0.0001718591 0.0002810593 -0.0003113352 -0.0000943328 -0.0000728250 0.0012613219 0.0000820765 0.0003420679 0.3974149603 -0.2607937822 0.0011763381 2.9884307086 3.1750963550 3.8396281024 0.2361592403 0.2102728594 -0.2126464175 -0.0543700399
-0.2046733621 0.2774334603 -0.0111400458 -0.0044776897 0.0198672303 0.0049615919 0.0092023659 -0.0050488888 0.0011518814 0.0001788043 0.0003091855 -0.0003114447 -0.0000979929 -0.0000771325 0.0011834976 0.0000796270 0.0003433528 0.4126297726 -0.2808162557 -0.0234310822 3.0009206853 3.2331070944 4.0040258242 0.2561597528 0.2400069142 -0.2226842119 -0.0598644022
-0.2214323628 0.2653151563 -0.0103976943 -0.0048488332 0.0191195565 0.0047800139 0.0089406080 -0.0048221671 0.0011139100 0.0001798664 0.0003214757 -0.0003046598 -0.0000992047 -0.0000889545 0.0011006045 0.0000763323 0.0003651812 0.4225831682 -0.3005605621 -0.0590444618 3.0132245774 3.3438175721 4.4544335627 0.2727042197 0.2631081098 -0.2305460030 -0.0722855375
-0.2381913636 0.2535200874 -0.0097216321 -0.0051329562 0.0183870448 0.0046093540 0.0085397049 -0.0046342173 0.0010810775 0.0001823044 0.0003317534 -0.0003016943 -0.0001065265 -0.0000938798 0.0010220476 0.0000715459 0.0002949763 0.4347904717 -0.3397461535 -0.0412005320 3.0233578338 3.3516638572 4.0308928860 0.2918426751 0.2892065030 -0.2416253099 -0.0813836153
-0.2549503644 0.2421318116 -0.0090140026 -0.0049833839 0.0177181624 0.0044920687 0.0082379549 -0.0044510050 0.0010723287 0.0001836509 0.0003293299 -0.0002999809 -0.0001104097 -0.0000974109 0.0009613183 0.0000673671 0.0002798893 0.4562506465 -0.3668928156 -0.0315346475 3.0629861488 3.3338059407 4.0730406258 0.3077426989 0.3026813188 -0.2530633277 -0.0889357684
-0.2717093651 0.2309917899 -0.0082443759 -0.0046731402 0.0170729042 0.0043857696 0.0079271739 -0.0042588851 0.0010565383 0.0001856278 0.0003076731 -0.0003003671 -0.0001128645 -0.0000946902 0.0008998612 0.0000649220 0.0002586133 0.4752850663 -0.3885790503 -0.0149016655 3.0873507687 3.3720182774 4.0683875665 0.3247546351 0.2993711059 -0.2661513530 -0.0914304351
-0.2884683659 0.2201212770 -0.0074816894 -0.0047601379 0.0163654027 0.0042629618 0.0076766258 -0.0040490499 0.0010444379 0.0001885134 0.0003056659 -0.0002994010 -0.0001133903 -0.0000903617 0.0008418518 0.0000619163 0.0002487123 0.4999686140 -0.4077451933 0.0056217182 3.1401216656 3.4048485580 4.1758400278 0.3465757407 0.3125595070 -0.2802885061 -0.0921640781
-0.3052273666 0.2092272504 -0.0067027873 -0.0051320953 0.0156305050 0.0041300984 0.0073474038 -0.0038318285 0.0010287694 0.0001890689 0.0003003893 -0.0002965364 -0.0001170953 -0.0000857718 0.0007828377 0.0000594904 0.0002277127 0.5269927947 -0.4421995929 0.0103874595 3.1999389404 3.4889089191 4.1948117132 0.3673451644 0.3282137792 -0.2949433494 -0.0933033771
-0.3219863674 0.1982660560 -0.0059564240 -0.0053442129 0.0149954632 0.0039979182 0.0070617835 -0.0036335051 0.0010220469 0.0001877065 0.0002843841 -0.0002979959 -0.0001168935 -0.0000846249 0.0007345549 0.0000569447 0.0002203413 0.5570970464 -0.4625263686 0.0264223790 3.2627725118 3.5577559274 4.3812446563 0.3846715577 0.3304946756 -0.3139050232 -0.0976698269
-0.3387453682 0.1874609435 -0.0052531638 -0.0055724854 0.0144844303 0.0038614731 0.0068190431 -0.0034778965 0.0010332740 0.0001866304 0.0002880001 -0.0003039852 -0.0001128280 -0.0000840240 0.0006998001 0.0000536587 0.0002273182 0.5935976908 -0.4707823457 -0.0123953336 3.3327894042 3.5979176637 4.8178707095 0.4023770638 0.3521495426 -0.3368546004 -0.1020829128
-0.3555043689 0.1771325588 -0.0047315196 -0.0057419960 0.0139230828 0.0037142895 0.0064760795 -0.0033231982 0.0010062869 0.0001866336 0.0002859176 -0.0003001475 -0.0001133090 -0.0000839950 0.0006523130 0.0000504659 0.0001838466 0.6142002626 -0.5008522112 0.0027424370 3.3630486523 3.6515292696 4.3677464590 0.4259092333 0.3742341726 -0.3528894511 -0.1093665671
-0.3722633697 0.1672506589 -0.0042492248 -0.0058523986 0.0132815750 0.0035840068 0.0061379837 -0.0031947124 0.0009494267 0.0001856396 0.0002836662 -0.0002925544 -0.0001115864 -0.0000826587 0.0005908229 0.0000477656 0.0001808571 0.6230345067 -0.5195526724 -0.0628412432 3.3511421810 3.7062349695 4.7189129828 0.4488094485 0.4000957089 -0.3670753794 -0.1168246337
-0.3890223705 0.1575299470 -0.0037131057 -0.0057974297 0.0126639620 0.0034718864 0.0058612844 -0.0030761887 0.0009105445 0.0001834969 0.0002707977 -0.0002856582 -0.0001130222 -0.0000812060 0.0005444300 0.0000457465 0.0001661868 0.6414272573 -0.5521549155 -0.0665532788 3.3914337887 3.7774331846 4.8343469243 0.4685386275 0.4104135839 -0.3816633061 -0.1230335787
-0.4057813712 0.1479174198 -0.0030547031 -0.0056414687 0.0121111892 0.0033473540 0.0056388853 -0.0029272721 0.0008969591 0.0001782759 0.0002675484 -0.0002774516 -0.0001112674 -0.0000738234 0.0005075422 0.0000434832 0.0002107646 0.6751511723 -0.5741527396 -0.1365406899 3.4578555826 3.8649162666 6.3187261530 0.4826837592 0.4328030842 -0.3942401804 -0.1187843930
-0.4225403720 0.1385377132 -0.0025369506 -0.0053810779 0.0115466452 0.0032364631 0.0052964831 -0.0027959201 0.0008775440 0.0001775165 0.0002608388 -0.0002732805 -0.0001106139 -0.0000766837 0.0004715379 0.0000418711 0.0001350531 0.7080330556 -0.5988452726 -0.0406198055 3.5294756919 3.9827962296 4.7770412604 0.5085435323 0.4575902776 -0.4130003260 -0.1346483481
-0.4392993728 0.1295553789 -0.0020956459 -0.0052497316 0.0109502842 0.0031322025 0.0049874068 -0.0026740953 0.0008411446 0.0001770976 0.0002498070 -0.0002679771 -0.0001067772 -0.0000729164 0.0004298349 0.0000413968 0.0001223510 0.7342533204 -0.6044887036 -0.0724743086 3.5757261421 4.2173565958 4.8470162423 0.5386411373 0.4775737060 -0.4333220045 -0.1406950211
-0.4560583735 0.1210315002 -0.0017233042 -0.0048871539 0.0103898265 0.0030271047 0.0047162122 -0.0025541922 0.0008010507 0.0001727940 0.0002499108 -0.0002629247 -0.0001030931 -0.0000696012 0.0003912849 0.0000428754 0.0001299041 0.7544191345 -0.6124306867 0.0343739183 3.5995333586 4.7080114755 5.5359320590 0.5577069945 0.5155111460 -0.4551059461 -0.1447678777
-0.4728173743 0.1129426644 -0.0013611096 -0.0046604595 0.0098619976 0.0029026487 0.0044812441 -0.0024345406 0.0007708069 0.0001688451 0.0002424692 -0.0002556107 -0.0001077506 -0.0000717542 0.0003596829 0.0000374390 0.0001180042 0.7847149385 -0.6848505349 0.0638075877 3.6663805846 4.4313477296 5.6280283907 0.5834721706 0.5406511309 -0.4755226826 -0.1613983592
-0.4895763750 0.1051705112 -0.0008311864 -0.0047073432 0.0092988661 0.0027524261 0.0042067225 -0.0022900501 0.0007216198 0.0001617400 0.0002233715 -0.0002431819 -0.0001050796 -0.0000680147 0.0003208268 0.0000338733 0.0001136970 0.8020099809 -0.7243849211 0.0118664658 3.6679043514 4.4309223439 6.1830445749 0.6063664888 0.5461106346 -0.4927614179 -0.1687549115
-0.5063353758 0.0976155434 -0.0001507999 -0.0047723500 0.0086647744 0.0025817196 0.0039051795 -0.0021060689 0.0006560836 0.0001497306 0.0002042183 -0.0002212450 -0.0000982849 -0.0000660604 0.0002791908 0.0000305800 0.0000949447 0.8094474447 -0.7445648151 -0.0928488340 3.6663032576 4.5365605116 6.0910403950 0.6192312450 0.5582034759 -0.4962972244 -0.1817617382
-0.5230943766 0.0903355924 0.0003881635 -0.0045604036 0.0081310905 0.0024299868 0.0036478595 -0.0019494385 0.0006242796 0.0001398537 0.0001920303 -0.0002074901 -0.0000940041 -0.0000666065 0.0002559175 0.0000278771 0.0000928849 0.8462894311 -0.7804514051 -0.0439966795 3.8068445902 4.6691618928 6.8542203978 0.6354955405 0.5803168836 -0.5121560502 -0.2018394790
-0.5398533773 0.0832322667 0.0007851782 -0.0042354013 0.0076433241 0.0023120108 0.0033931003 -0.0018260379 0.0005973281 0.0001331535 0.0001794811 -0.0001985242 -0.0000921819 -0.0000597490 0.0002341261 0.0000260029 0.0000793412 0.8899909044 -0.8229941593 -0.0889828834 3.9480451020 4.8013753685 6.7663833730 0.6566333364 0.6020551682 -0.5362265364 -0.2010060820
-0.5566123781 0.0765553446 0.0011736249 -0.0039581488 0.0071413540 0.0022042963 0.0031477649 -0.0016990176 0.0005582401 0.0001271810 0.0001659612 -0.0001864827 -0.0000890721 -0.0000562895 0.0002074930 0.0000242948 0.0000669164 0.9236569026 -0.8511978801 -0.0844158838 4.0261009955 4.9151019915 6.7426915292 0.6810773087 0.6218949720 -0.5543433828 -0.2110022589
-0.5733713789 0.0702389512 0.0015763658 -0.0036078192 0.0066303857 0.0020835005 0.0028728159 -0.0015558892 0.0005079183 0.0001192493 0.0001480656 -0.0001712898 -0.0000850080 -0.0000548071 0.0001782359 0.0000223041 0.0000501912 0.9418660791 -0.8832391622 -0.0433396872 4.0304461327 5.0457156985 6.0603697391 0.7008408818 0.6285732148 -0.5650472308 -0.2326319258
-0.5901303796 0.0642230131 0.0019934455 -0.0030821337 0.0061567030 0.0019535952 0.0026490804 -0.0014128888 0.0004647302 0.0001089350 0.0001394835 -0.0001550717 -0.0000781658 -0.0000512710 0.0001558227 0.0000200548 0.0000437493 0.9636109273 -0.8974393717 0.0255050450 4.0908474383 5.1834908798 6.2048337999 0.7104522784 0.6657213362 -0.5703757940 -0.2445891798
-0.6068893804 0.0583311336 0.0023773058 -0.0027754415 0.0057043567 0.0018278420 0.0024657581 -0.0012810754 0.0004252521 0.0000984790 0.0001300405 -0.0001400683 -0.0000707557 -0.0000475089 0.0001374473 0.0000177697 0.0000400188 0.9879458097 -0.8997229543 0.0116432452 4.2007055016 5.2630961299 6.5660309423 0.7144063141 0.6932272092 -0.5752559456 -0.2513138951
-0.6236483811 0.0528822832 0.0027249098 -0.0025117561 0.0052971053 0.0017131069 0.0022636932 -0.0011695540 0.0003936372 0.0000912148 0.0001161135 -0.0001288274 -0.0000663580 -0.0000422905 0.0001233825 0.0000164728 0.0000363090 1.0202125800 -0.9274172598 0.0419417044 4.3622925300 5.5297695436 7.1427593403 0.7314003184 0.7023439379 -0.5864363515 -0.2533288601
-0.6404073819 0.0478967402 0.0029931569 -0.0025174935 0.0049016475 0.0016110349 0.0020510243 -0.0010742255 0.0003631937 0.0000850037 0.0001036549 -0.0001191815 -0.0000626771 -0.0000385209 0.0001111510 0.0000152702 0.0000290535 1.0560275966 -0.9613736861 -0.0606014599 4.5871952637 5.8036368778 6.9490738838 0.7527574897 0.7202747729 -0.6031099729 -0.2647199525
-0.6571663827 0.0431729353 0.0032962965 -0.0024732364 0.0045210803 0.0015081717 0.0018604751 -0.0009781850 0.0003343739 0.0000780472 0.0000922263 -0.0001094868 -0.0000578848 -0.0000343236 0.0000999108 0.0000138727 0.0000240492 1.0970306835 -0.9828154416 -0.1076511736 4.8552680386 6.0191093405 6.8992661226 0.7686672698 0.7312955353 -0.6202251867 -0.2691583818
-0.6739253834 0.0385585730 0.0036877581 -0.0023801210 0.0041467131 0.0013995272 0.0016893193 -0.0008734846 0.0003014339 0.0000701576 0.0000801204 -0.0000971811 -0.0000514559 -0.0000303783 0.0000872593 0.0000121415 0.0000202837 1.1239723000 -0.9802752989 -0.1626404118 5.0327250240 6.1323637229 7.0471807432 0.7786413915 0.7288089906 -0.6238633362 -0.2740535136
-0.6906843842 0.0342377900 0.0041010698 -0.0021611991 0.0037889759 0.0012870880 0.0015414983 -0.0007690074 0.0002663203 0.0000604186 0.0000709692 -0.0000826640 -0.0000434982 -0.0000266735 0.0000745667 0.0000108023 0.0000187749 1.1331020773 -0.9410197523 -0.2295579133 5.1269598608 6.4157006648 7.7079220980 0.7624448428 0.7375227436 -0.6050523376 -0.2759106408
-0.7074433850 0.0303140316 0.0044127225 -0.0019177891 0.0034509615 0.0011853419 0.0013907184 -0.0006766046 0.0002327432 0.0000530871 0.0000617876 -0.0000710695 -0.0000396827 -0.0000240031 0.0000629947 0.0000089525 0.0000157379 1.1377316834 -0.9688326198 -0.2020774995 5.2174416815 6.3048012950 7.8915916072 0.7612104712 0.7459456056 -0.5947721801 -0.2907442869
-0.7242023857 0.0267022130 0.0046200939 -0.0017260339 0.0031489319 0.0011077319 0.0012536191 -0.0006046465 0.0002028637 0.0000483505 0.0000527484 -0.0000628807 -0.0000372437 -0.0000218759 0.0000534733 0.0000083271 0.0000128504 1.1360799028 -1.0033270510 -0.1905438697 5.2994580438 6.6985331029 8.0144297461 0.7745663963 0.7360699399 -0.5948884200 -0.3094896392
-0.7409613865 0.0233780240 0.0048470395 -0.0016386156 0.0028878106 0.0010295901 0.0011364039 -0.0005375630 0.0001790307 0.0000438374 0.0000464843 -0.0000554973 -0.0000345031 -0.0000201608 0.0000465625 0.0000075434 0.0000114796 1.1353074480 -1.0336975029 -0.2081691589 5.4285232483 7.0170581127 8.6763766755 0.7871539536 0.7476087440 -0.5907545880 -0.3284398033
-0.7577203873 0.0203240377 0.0051181536 -0.0015467582 0.0026440137 0.0009439001 0.0010282587 -0.0004705046 0.0001551456 0.0000380815 0.0000402735 -0.0000476450 -0.0000300255 -0.0000182869 0.0000397144 0.0000065255 0.0000093849 1.1197580391 -1.0213651226 -0.1715269238 5.5057617681 7.1850054962 8.7313010762 0.7796741820 0.7482587674 -0.5799069444 -0.3437708862
-0.7744793880 0.0176679841 0.0053416361 -0.0013562310 0.0024212631 0.0008601516 0.0009314269 -0.0004109395 0.0001337652 0.0000326911 0.0000356228 -0.0000403498 -0.0000261669 -0.0000164592 0.0000337867 0.0000055991 0.0000081093 1.1006003055 -1.0211461692 -0.2370929623 5.6013080427 7.4060572331 9.3059090054 0.7656025806 0.7641046081 -0.5611466162 -0.3575853680
-0.7912383888 0.0153158583 0.0055188976 -0.0012165439 0.0022265372 0.0007882217 0.0008388746 -0.0003628908 0.0001147076 0.0000285199 0.0000311748 -0.0000343926 -0.0000234691 -0.0000141197 0.0000287264 0.0000050011 0.0000089604 1.0686328239 -1.0404346685 -0.2937540519 5.6384396335 7.8499440914 11.3907607087 0.7549088509 0.7688413319 -0.5409082206 -0.3566863177
-0.8079973895 0.0131825282 0.0056508545 -0.0011371885 0.0020588739 0.0007291903 0.0007525329 -0.0003267799 0.0000981772 0.0000261321 0.0000267852 -0.0000300728 -0.0000224776 -0.0000122643 0.0000244585 0.0000048313 0.0000063021 1.0279342122 -1.1082389123 -0.2656585430 5.6178105629 8.6868113312 11.1542581952 0.7723624938 0.7661396060 -0.5301379332 -0.3568303646
-0.8247563903 0.0112780904 0.0057906670 -0.0011093194 0.0019021467 0.0006693754 0.0006828064 -0.0002910725 0.0000829369 0.0000234108 0.0000230788 -0.0000255655 -0.0000205498 -0.0000110553 0.0000207833 0.0000043898 0.0000053830 0.9796376227 -1.1540455424 -0.3029468023 5.6148936990 9.3978422812 11.5022135358 0.7850734390 0.7577008013 -0.5107437069 -0.3672625822
-0.8415153911 0.0096401897 0.0058923638 -0.0010725747 0.0017617081 0.0006110041 0.0006185074 -0.0002599362 0.0000685130 0.0000201561 0.0000200327 -0.0000213496 -0.0000177864 -0.0000092238 0.0000172597 0.0000037197 0.0000045087 0.9127389544 -1.1483822187 -0.3494276773 5.4881960527 9.6284727815 11.8390257050 0.7675307977 0.7514935540 -0.4802574967 -0.3568117321
-0.8582743918 0.0082339828 0.0059380669 -0.0010392063 0.0016431032 0.0005603156 0.0005588420 -0.0002370857 0.0000575138 0.0000173811 0.0000174986 -0.0000181070 -0.0000160779 -0.0000077019 0.0000145863 0.0000032619 0.0000038780 0.8522864741 -1.1790453942 -0.4288650507 5.3580472589 10.0368889786 12.3155402523 0.7414961360 0.7467895072 -0.4517867967 -0.3410598169
-0.8750333926 0.0069264612 0.0059804640 -0.0010376595 0.0015398870 0.0005162435 0.0005117812 -0.0002159643 0.0000479018 0.0000150323 0.0000155084 -0.0000152963 -0.0000148043 -0.0000069322 0.0000123705 0.0000029961 0.0000036077 0.7798114667 -1.2262439778 -0.4895836287 5.1731177838 10.8228087517 13.5250040183 0.7125141603 0.7390589355 -0.4212982445 -0.3433946641
-0.8917923934 0.0057924542 0.0060374466 -0.0010184120 0.0014520221 0.0004734762 0.0004685103 -0.0001974285 0.0000407659 0.0000129921 0.0000133898 -0.0000129487 -0.0000131490 -0.0000067853 0.0000107340 0.0000026761 0.0000033859 0.7215983159 -1.2410586852 -0.5255140436 5.0209447215 11.4486724342 15.1119473579 0.6873061302 0.7146149908 -0.3927609121 -0.3766119342
-0.9085513941 0.0048591908 0.0060955816 -0.0009062484 0.0013786300 0.0004337398 0.0004197631 -0.0001810819 0.0000350507 0.0000110793 0.0000108775 -0.0000108153 -0.0000112340 -0.0000060587 0.0000093400 0.0000022960 0.0000025359 0.6686582923 -1.2038906847 -0.2792947156 4.8035265466 11.5701305520 14.4943125569 0.6517906263 0.6665268959 -0.3572488941 -0.3839923956
-0.9253103949 0.0040281389 0.0061491295 -0.0007675341 0.0013108044 0.0003974989 0.0003746733 -0.0001668382 0.0000297474 0.0000092384 0.0000083614 -0.0000090130 -0.0000096718 -0.0000050759 0.0000081235 0.0000019392 0.0000021105 0.6092169768 -1.1867185528 -0.0391562862 4.5770361822 11.6954314628 15.2851639440 0.6098870815 0.5901591973 -0.3246681519 -0.3735061315
-0.9420693957 0.0032842662 0.0061972345 -0.0006643995 0.0012511104 0.0003633708 0.0003319223 -0.0001511901 0.0000249703 0.0000073822 0.0000059030 -0.0000070827 -0.0000082676 -0.0000040626 0.0000070636 0.0000016016 0.0000014631 0.5483475926 -1.1631616014 -0.0060161919 4.3630006575 11.6187279031 13.1473683479 0.5471374260 0.4847253025 -0.2789765886 -0.3432241377
-0.9588283964 0.0026473246 0.0062204509 -0.0006507343 0.0012006367 0.0003284427 0.0002993148 -0.0001376086 0.0000200908 0.0000057107 0.0000045536 -0.0000054170 -0.0000067294 -0.0000034749 0.0000059289 0.0000012601 0.0000010383 0.4703246613 -1.1024144822 -0.0589454177 3.9881807052 11.2688836731 11.3297346401 0.4776914930 0.4196743570 -0.2342978365 -0.3294229463
-0.9755873972 0.0021301158 0.0062069452 -0.0006944773 0.0011587908 0.0002977297 0.0002787080 -0.0001274863 0.0000163729 0.0000043052 0.0000037921 -0.0000039036 -0.0000054370 -0.0000031325 0.0000050852 0.0000009953 0.0000009833 0.4050803938 -1.0394545756 -0.0789947912 3.6831810660 10.9631421822 12.5584854800 0.4049544640 0.3804792270 -0.1819435701 -0.3276551033
-0.9923463979 0.0016913140 0.0061886744 -0.0007251892 0.0011245918 0.0002737816 0.0002614405 -0.0001198453 0.0000136233 0.0000033885 0.0000035940 -0.0000029261 -0.0000047433 -0.0000027829 0.0000044465 0.0000008601 0.0000010182 0.3543662011 -1.0284654542 -0.1947973216 3.4429053245 11.2435234237 14.0916423897 0.3494025534 0.3776568031 -0.1449941551 -0.3136960018
-1.0091053987 0.0013345906 0.0061673934 -0.0007272842 0.0010942810 0.0002505785 0.0002443049 -0.0001132697 0.0000113681 0.0000027058 0.0000033556 -0.0000020742 -0.0000040698 -0.0000026022 0.0000039153 0.0000007272 0.0000010349 0.3117086752 -0.9987241133 -0.3805702594 3.2369016056 11.3124427572 14.8103792477 0.3075738688 0.3738721796 -0.1110644302 -0.3090852475
-1.0258643995 0.0010562123 0.0061322209 -0.0006801439 0.0010699606 0.0002288256 0.0002219513 -0.0001074357 0.0000102140 0.0000020495 0.0000021654 -0.0000013993 -0.0000034737 -0.0000019586 0.0000036563 0.0000006092 0.0000007028 0.2910202237 -0.9598315148 -0.3248917804 3.1740655213 11.1980173275 12.3084737403 0.2547512649 0.2750411563 -0.0801043607 -0.2567003917
-1.0426234002 0.0008421731 0.0060989966 -0.0006020607 0.0010510612 0.0002101246 0.0002029298 -0.0001044068 0.0000091028 0.0000016077 0.0000014223 -0.0000010217 -0.0000029378 -0.0000015023 0.0000034415 0.0000004966 0.0000004162 0.2667131170 -0.9188862277 -0.1936882723 3.1011442743 10.8346305734 9.1916231374 0.2169934685 0.2026606305 -0.0621621211 -0.2161402171
-1.0593824010 0.0006667648 0.0060920780 -0.0005688914 0.0010353683 0.0001938580 0.0001887950 -0.0001025868 0.0000080774 0.0000013063 0.0000008647 -0.0000009171 -0.0000023997 -0.0000010930 0.0000032259 0.0000004048 0.0000003078 0.2420954307 -0.8379172377 -0.0919565637 2.9987318528 10.2637916689 8.1457391995 0.1908871158 0.1389825416 -0.0593307287 -0.1717471229
-1.0761414018 0.0005210014 0.0061117743 -0.0006164674 0.0010210063 0.0001789708 0.0001792963 -0.0001006673 0.0000071916 0.0000009815 0.0000008147 -0.0000006476 -0.0000018316 -0.0000009056 0.0000030167 0.0000003175 0.0000002564 0.2203433477 -0.7182824932 -0.1651921939 2.8886799583 9.5570324487 7.6524588528 0.1597006861 0.1384154345 -0.0451667705 -0.1514675478
-1.0929004025 0.0003804300 0.0061316376 -0.0006398487 0.0010071188 0.0001639029 0.0001707851 -0.0000974255 0.0000066105 0.0000006286 0.0000007041 -0.0000002629 -0.0000013829 -0.0000007467 0.0000028371 0.0000002414 0.0000002255 0.2068884499 -0.6259012863 -0.2427416018 2.7947830144 8.7315852370 7.2651384705 0.1146425035 0.1247704092 -0.0196874031 -0.1316505324
-1.1096594033 0.0002496328 0.0061266481 -0.0006122754 0.0009955740 0.0001506150 0.0001613873 -0.0000941692 0.0000062365 0.0000003854 0.0000003878 0.0000000186 -0.0000010990 -0.0000004939 0.0000027171 0.0000001960 0.0000001645 0.1986267887 -0.5663675155 -0.1685731824 2.7399841841 8.3822529131 6.0815476593 0.0770711119 0.0759285614 0.0017471226 -0.0940178117
-1.1264184040 0.0001702447 0.0061001399 -0.0005735668 0.0009875666 0.0001399273 0.0001555588 -0.0000928106 0.0000059449 0.0000002412 0.0000002792 0.0000001175 -0.0000009243 -0.0000004519 0.0000026509 0.0000001658 0.0000001385 0.1915843184 -0.5333107343 -0.1219987884 2.7168141570 8.2277380583 5.6008514782 0.0514066425 0.0577525509 0.0103282472 -0.0904440697
-1.1431774048 0.0001324587 0.0060780256 -0.0005372137 0.0009804534 0.0001314545 0.0001514703 -0.0000919888 0.0000055624 0.0000001647 0.0000002217 0.0000001970 -0.0000007827 -0.0000004272 0.0000025565 0.0000001419 0.0000001295 0.1811292251 -0.4962002340 -0.1369471110 2.6586831446 8.0120911309 5.5105073462 0.0367972328 0.0473039727 0.0176511409 -0.0889494878
-1.1599364056 0.0001118161 0.0060522885 -0.0005112778 0.0009751595 0.0001236366 0.0001460695 -0.0000914324 0.0000056062 0.0000001364 0.0000001755 0.0000001938 -0.0000007076 -0.0000003228 0.0000025174 0.0000001274 0.0000001083 0.1839924213 -0.4866717208 -0.1104311962 2.6465304834 8.0603691985 4.9902619109 0.0316617259 0.0392771751 0.0179959066 -0.0706719056
-1.1766954063 0.0000858302 0.0060351037 -0.0005138846 0.0009710855 0.0001161363 0.0001410877 -0.0000909629 0.0000057091 0.0000001432 0.0000001332 0.0000001539 -0.0000006529 -0.0000002181 0.0000025038 0.0000001207 0.0000000905 0.1885360322 -0.4797654299 -0.0479069440 2.6540461207 8.4170592202 4.5148881752 0.0332932403 0.0307152793 0.0152703207 -0.0495219409
-1.1934544071 0.0000642843 0.0060355839 -0.0005456866 0.0009673253 0.0001092636 0.0001368334 -0.0000908019 0.0000057258 0.0000001157 0.0000000889 0.0000001210 -0.0000005516 -0.0000001524 0.0000024949 0.0000001076 0.0000000838 0.1901864491 -0.4307064777 -0.0113438024 2.6647080930 8.2685776976 4.4732906849 0.0253813328 0.0219169429 0.0131024684 -0.0356772671
-1.2102134079 0.0000556290 0.0060426135 -0.0005538875 0.0009628036 0.0001027744 0.0001334562 -0.0000899192 0.0000055572 0.0000000208 0.0000000584 0.0000001643 -0.0000003979 -0.0000001358 0.0000024439 0.0000000811 0.0000000774 0.1860218505 -0.3403524246 -0.0537134542 2.6355749791 7.1232847915 4.3279036714 0.0002943432 0.0148042191 0.0175482968 -0.0322561875
-1.2269724086 0.0000402370 0.0060453237 -0.0005275491 0.0009596500 0.0000964625 0.0001313970 -0.0000883851 0.0000055580 -0.0000000682 0.0000000416 0.0000001624 -0.0000002283 -0.0000000985 0.0000024226 0.0000000557 0.0000000734 0.1870494719 -0.2186709414 -0.0609072276 2.6302143666 5.7538466138 4.2366773476 -0.0256529427 0.0103126818 0.0175095807 -0.0237623767
-1.2437314094 0.0000106378 0.0060469664 -0.0005146470 0.0009584594 0.0000912807 0.0001293598 -0.0000873881 0.0000057250 -0.0000001022 0.0000000586 0.0000001065 -0.0000001374 -0.0000000867 0.0000024302 0.0000000441 0.0000000682 0.1930418446 -0.1444114316 -0.0671644574 2.6450363746 5.1814277322 4.0666655525 -0.0374080318 0.0143416654 0.0118722211 -0.0212711576
-1.2604904102 -0.0000156329 0.0060380645 -0.0005037155 0.0009569236 0.0000874693 0.0001276707 -0.0000870377 0.0000057915 -0.0000001026 0.0000000754 0.0000001000 -0.0000001021 -0.0000000802 0.0000024294 0.0000000396 0.0000000661 0.1956986062 -0.1147690456 -0.0736385481 2.6527787851 5.0937274201 4.0442821139 -0.0386729749 0.0187627664 0.0114546149 -0.0199690273
-1.2772494109 -0.0000281023 0.0060389735 -0.0005322835 0.0009549827 0.0000841140 0.0001260983 -0.0000867149 0.0000057599 -0.0000001079 0.0000000399 0.0000001271 -0.0000000769 -0.0000000552 0.0000024132 0.0000000358 0.0000000630 0.1951850614 -0.0916184401 -0.0807637979 2.6459839504 4.9923575669 3.9518110128 -0.0419245689 0.0102708846 0.0146834246 -0.0137190218
-1.2940084117 -0.0000313664 0.0060334609 -0.0005957379 0.0009520691 0.0000809700 0.0001256136 -0.0000862667 0.0000057975 -0.0000001010 -0.0000000048 0.0000001336 -0.0000000531 -0.0000000392 0.0000023879 0.0000000317 0.0000000627 0.1973517928 -0.0664152644 -0.0798305171 2.6343975374 4.7717063198 3.9632467557 -0.0406535777 -0.0011704085 0.0156454256 -0.0097727020
-1.3107674124 -0.0000263000 0.0060108878 -0.0006497218 0.0009488802 0.0000776530 0.0001250874 -0.0000855970 0.0000058226 -0.0000000899 -0.0000000069 0.0000001151 -0.0000000259 -0.0000000419 0.0000023627 0.0000000271 0.0000000629 0.1991812268 -0.0338440680 -0.1034274325 2.6242279130 4.4532271211 4.0158597843 -0.0376623694 -0.0020820189 0.0137719502 -0.0104682167
-1.3275264132 -0.0000313286 0.0059947991 -0.0006593603 0.0009450721 0.0000746429 0.0001244164 -0.0000847873 0.0000058194 -0.0000000828 0.0000000030 0.0000001002 -0.0000000079 -0.0000000441 0.0000023411 0.0000000235 0.0000000634 0.2002813230 -0.0109351255 -0.1205287142 2.6211397981 4.2119223228 4.0956041366 -0.0360575286 0.0006091259 0.0122264452 -0.0111283805
-1.3442854140 -0.0000499524 0.0059712108 -0.0006803818 0.0009425828 0.0000721957 0.0001229358 -0.0000844894 0.0000058044 -0.0000000883 0.0000000165 0.0000000895 0.0000000104 -0.0000000433 0.0000023303 0.0000000212 0.0000000622 0.2005829195 0.0172147374 -0.1286852676 2.6226838842 4.0571855984 4.1077555435 -0.0398872056 0.0045283344 0.0111626128 -0.0112531290
-1.3610444147 -0.0000477757 0.0059346117 -0.0006762654 0.0009424259 0.0000702111 0.0001227375 -0.0000850296 0.0000057322 -0.0000000906 0.0000000024 0.0000000963 0.0000000203 -0.0000000379 0.0000023331 0.0000000201 0.0000000624 0.1981790776 0.0350844822 -0.1069886376 2.6267285435 4.0638155295 4.1358050992 -0.0421860099 0.0009263725 0.0121849244 -0.0099158837
-1.3778034155 -0.0000279294 0.0059104559 -0.0006359242 0.0009430041 0.0000681887 0.0001228696 -0.0000851724 0.0000056759 -0.0000000885 -0.0000000373 0.0000000913 0.0000000293 -0.0000000223 0.0000023408 0.0000000187 0.0000000647 0.1960825850 0.0524588771 -0.0845547952 2.6322344488 4.0134807363 4.2855433085 -0.0422778921 -0.0097485702 0.0117233734 -0.0057566383
-1.3945624163 -0.0000052650 0.0059052681 -0.0006243758 0.0009428359 0.0000662639 0.0001222876 -0.0000846023 0.0000056850 -0.0000000893 -0.0000000740 0.0000000679 0.0000000455 -0.0000000114 0.0000023407 0.0000000168 0.0000000661 0.1964281724 0.0848509373 -0.0742294495 2.6330407632 3.8315799736 4.4034079766 -0.0438740386 -0.0195627002 0.0088651521 -0.0030254752
-1.4113214170 0.0000031797 0.0059103731 -0.0006446543 0.0009425235 0.0000647722 0.0001225549 -0.0000840892 0.0000057182 -0.0000001015 -0.0000000969 0.0000000660 0.0000000545 -0.0000000138 0.0000023367 0.0000000157 0.0000000680 0.1976288258 0.1049455142 -0.0673960160 2.6303277900 3.7389348483 4.4742370913 -0.0511375413 -0.0249724083 0.0087003328 -0.0038393954
-1.4280804178 -0.0000050140 0.0059153951 -0.0007128191 0.0009418140 0.0000636590 0.0001245118 -0.0000838449 0.0000057984 -0.0000001147 -0.0000000981 0.0000000817 0.0000000596 -0.0000000286 0.0000023332 0.0000000153 0.0000000750 0.2005888344 0.1174417738 -0.0727077204 2.6304089971 3.7698934583 4.7467578039 -0.0588192260 -0.0245536933 0.0108771183 -0.0074274780
-1.4448394186 -0.0000160553 0.0059143636 -0.0008137405 0.0009400579 0.0000629523 0.0001273517 -0.0000835342 0.0000058371 -0.0000001072 -0.0000000890 0.0000000664 0.0000000601 -0.0000000244 0.0000023255 0.0000000150 0.0000000820 0.2024803790 0.1202776591 -0.1271497514 2.6316029097 3.7729953911 4.8448870338 -0.0557277412 -0.0222838925 0.0089507926 -0.0060593321
-1.4615984193 -0.0000124337 0.0059084172 -0.0008412226 0.0009395061 0.0000629989 0.0001312787 -0.0000828620 0.0000057635 -0.0000000933 -0.0000000810 0.0000000562 0.0000000596 -0.0000000198 0.0000023226 0.0000000152 0.0000000902 0.2001191098 0.1199146354 -0.1726370805 2.6316400852 3.8065769298 4.9210030562 -0.0488469679 -0.0197981603 0.0075581364 -0.0043034372
-1.4783574201 -0.0000041217 0.0059132792 -0.0008057587 0.0009410876 0.0000640011 0.0001397656 -0.0000819657 0.0000056952 -0.0000001024 -0.0000000335 0.0000000629 0.0000001079 -0.0000000123 0.0000023285 0.0000000268 0.0000001384 0.1972442389 0.1876566504 -0.1961189679 2.6295743966 5.1698991183 5.8847037266 -0.0522970782 -0.0107662757 0.0086206674 -0.0024793740
-1.4951164208 0.0000075715 0.0059184136 -0.0007551992 0.0009444259 0.0000658707 0.0001503618 -0.0000810762 0.0000057229 -0.0000001099 -0.0000000427 0.0000000433 0.0000000483 0.0000000034 0.0000023486 0.0000000242 0.0000002019 0.1970988603 0.1014915155 -0.1705007467 2.6335554866 4.9764062062 6.8799597239 -0.0569527802 -0.0091566018 0.0063996622 -0.0003951761
-1.5118754216 0.0000266273 0.0059405995 -0.0007071276 0.0009504648 0.0000730643 0.0001858792 -0.0000781646 0.0000065086 0.0000002301 0.0000044548 0.0000005519 0.0000002324 0.0000026616 0.0000026108 0.0000001710 0.0000074063 0.2201471162 0.2529897850 -0.2125372425 2.8676598940 15.1060075551 48.8894914348 0.0404048801 0.3310556667 0.0543561945 0.2013173987
-1.5286344224 0.0000286680 0.0059508732 -0.0006921687 0.0009567124 0.0000819711 0.0002163494 -0.0000753906 0.0000070030 0.0000003708 0.0000035233 0.0000007525 0.0000002571 0.0000024801 0.0000028475 0.0000003094 0.0000053756 0.2327459704 0.1285611029 -0.7092037856 3.0523495136 20.7137024381 32.4284192938 0.0561645538 0.2327008466 0.0675743843 0.1683705046
-1.5453934231 -0.0000043596 0.0059464562 -0.0006419673 0.0009652413 0.0000953193 0.0002648781 -0.0000732967 0.0000064389 0.0000002866 0.0000031822 0.0000003372 -0.0000000769 0.0000014805 0.0000026900 0.0000006236 0.0000085551 0.2119008848 -0.0332934467 -0.1853390988 2.8515125850 25.1311705371 31.9706419825 -0.0005218564 0.1121392311 0.0263137409 0.0505387499
-1.5621524239 -0.0000070881 0.0059481144 -0.0006618107 0.0009785447 0.0001086119 0.0003270636 -0.0000693809 0.0000073946 0.0000004092 0.0000083640 0.0000001484 0.0000007188 0.0000016063 0.0000030544 0.0000009797 0.0000173043 0.2350151721 0.2582515552 -0.7889871114 3.0991313827 31.3925603277 40.7723885640 0.0284078991 0.3215532124 0.0153274817 0.0501565470
-1.5789114247 -0.0000117091 0.0059815819 -0.0006622449 0.0009927453 0.0001263008 0.0004150892 -0.0000648320 0.0000082629 0.0000007281 0.0000091635 0.0000002745 0.0000002895 0.0000024348 0.0000033545 0.0000017754 0.0000562124 0.2543297396 -0.2483674551 0.3194249976 3.2736043757 44.8501977347 67.2498457969 0.0573805584 0.3195423134 0.0208193539 -0.0425212901
-1.5956704254 -0.0000219391 0.0059926461 -0.0007019702 0.0010112672 0.0001358648 0.0004730325 -0.0000616466 0.0000119394 0.0000024659 0.0000202302 0.0000001765 -0.0000022753 -0.0000003272 0.0000047709 0.0000028483 0.0000597150 0.3456683258 -0.1274599941 -0.8448389273 4.2691930572 44.5371677008 73.0740094587 0.2759323950 0.7457262696 0.0261837768 0.0383440787
-1.6124294262 -0.0000551271 0.0059409914 -0.0007271818 0.0010182885 0.0001462863 0.0005441362 -0.0000586713 0.0000133087 0.0000020745 0.0000270746 0.0000003878 -0.0000011671 0.0000051706 0.0000052697 0.0000029230 0.0001184373 0.3846600380 0.2649150840 -0.4046961431 4.6690571385 48.0183598801 106.8758964823 0.2737915787 0.9210217255 0.0380231422 0.1760145899
-1.6291884269 -0.0000263994 0.0058461300 -0.0008195836 0.0010225917 0.0001511156 0.0005758394 -0.0000557256 0.0000142962 0.0000009996 0.0000310332 0.0000007458 0.0000002656 0.0000071606 0.0000055001 0.0000020036 0.0000852417 0.4125822087 0.1548568204 -1.8189080812 4.8676203598 42.9296037658 101.0507984148 0.1347782716 1.0819335595 0.0411447559 0.1889561559
-1.6459474277 0.0000503987 0.0058078059 -0.0006403265 0.0010360352 0.0001749728 0.0005997968 -0.0000530579 0.0000172693 0.0000044346 0.0000394061 0.0000012008 0.0000019175 0.0000078654 0.0000068540 0.0000040111 0.0000822901 0.4776347915 0.0873460236 -0.0259452823 5.7283750041 63.9872424479 95.4916765778 0.4671907365 1.2691142712 0.0412977396 0.2100999573
